"icb22_code","date","discharged_by_1700","discharged_between_1701_2359","discharged_total"
"E54000056",2022-04-01,113,95,208
"E54000056",2022-04-02,95,50,145
"E54000056",2022-04-03,58,44,102
"E54000056",2022-04-04,114,85,199
"E54000056",2022-04-05,135,78,213
"E54000056",2022-04-06,131,97,228
"E54000056",2022-04-07,125,98,223
"E54000056",2022-04-08,122,116,238
"E54000056",2022-04-09,73,47,120
"E54000056",2022-04-10,57,36,93
"E54000056",2022-04-11,102,85,187
"E54000056",2022-04-12,133,113,246
"E54000056",2022-04-13,148,91,239
"E54000056",2022-04-14,135,127,262
"E54000056",2022-04-15,129,44,173
"E54000056",2022-04-16,53,45,98
"E54000056",2022-04-17,77,39,116
"E54000056",2022-04-18,82,40,122
"E54000056",2022-04-19,99,76,175
"E54000056",2022-04-20,134,86,220
"E54000056",2022-04-21,122,102,224
"E54000056",2022-04-22,150,125,275
"E54000056",2022-04-23,87,58,145
"E54000056",2022-04-24,70,37,107
"E54000056",2022-04-25,119,96,215
"E54000056",2022-04-26,147,84,231
"E54000056",2022-04-27,140,79,219
"E54000056",2022-04-28,136,83,219
"E54000056",2022-04-29,130,102,232
"E54000056",2022-04-30,91,55,146
"E54000022",2022-04-01,144,98,242
"E54000022",2022-04-02,124,61,185
"E54000022",2022-04-03,91,40,131
"E54000022",2022-04-04,114,65,179
"E54000022",2022-04-05,169,99,268
"E54000022",2022-04-06,135,95,230
"E54000022",2022-04-07,181,86,267
"E54000022",2022-04-08,102,111,213
"E54000022",2022-04-09,60,74,134
"E54000022",2022-04-10,102,37,139
"E54000022",2022-04-11,158,77,235
"E54000022",2022-04-12,167,66,233
"E54000022",2022-04-13,147,83,230
"E54000022",2022-04-14,180,78,258
"E54000022",2022-04-15,161,143,304
"E54000022",2022-04-16,84,29,113
"E54000022",2022-04-17,86,38,124
"E54000022",2022-04-18,89,56,145
"E54000022",2022-04-19,116,82,198
"E54000022",2022-04-20,157,92,249
"E54000022",2022-04-21,139,63,202
"E54000022",2022-04-22,195,110,305
"E54000022",2022-04-23,130,59,189
"E54000022",2022-04-24,107,35,142
"E54000022",2022-04-25,138,94,232
"E54000022",2022-04-26,174,97,271
"E54000022",2022-04-27,173,83,256
"E54000022",2022-04-28,173,105,278
"E54000022",2022-04-29,169,105,274
"E54000022",2022-04-30,151,70,221
"E54000023",2022-04-01,153,87,240
"E54000023",2022-04-02,69,38,107
"E54000023",2022-04-03,70,29,99
"E54000023",2022-04-04,114,69,183
"E54000023",2022-04-05,138,80,218
"E54000023",2022-04-06,156,105,261
"E54000023",2022-04-07,129,82,211
"E54000023",2022-04-08,167,88,255
"E54000023",2022-04-09,110,43,153
"E54000023",2022-04-10,84,22,106
"E54000023",2022-04-11,118,80,198
"E54000023",2022-04-12,129,83,212
"E54000023",2022-04-13,160,100,260
"E54000023",2022-04-14,161,109,270
"E54000023",2022-04-15,113,67,180
"E54000023",2022-04-16,84,37,121
"E54000023",2022-04-17,62,29,91
"E54000023",2022-04-18,90,34,124
"E54000023",2022-04-19,111,74,185
"E54000023",2022-04-20,141,107,248
"E54000023",2022-04-21,151,102,253
"E54000023",2022-04-22,157,98,255
"E54000023",2022-04-23,89,72,161
"E54000023",2022-04-24,75,38,113
"E54000023",2022-04-25,127,84,211
"E54000023",2022-04-26,135,81,216
"E54000023",2022-04-27,153,99,252
"E54000023",2022-04-28,147,85,232
"E54000023",2022-04-29,163,125,288
"E54000023",2022-04-30,112,46,158
"E54000024",2022-04-01,110,53,163
"E54000024",2022-04-02,46,31,77
"E54000024",2022-04-03,50,27,77
"E54000024",2022-04-04,82,70,152
"E54000024",2022-04-05,110,60,170
"E54000024",2022-04-06,98,43,141
"E54000024",2022-04-07,113,57,170
"E54000024",2022-04-08,128,55,183
"E54000024",2022-04-09,83,19,102
"E54000024",2022-04-10,47,32,79
"E54000024",2022-04-11,124,49,173
"E54000024",2022-04-12,133,52,185
"E54000024",2022-04-13,123,70,193
"E54000024",2022-04-14,126,54,180
"E54000024",2022-04-15,93,38,131
"E54000024",2022-04-16,50,43,93
"E54000024",2022-04-17,46,48,94
"E54000024",2022-04-18,47,29,76
"E54000024",2022-04-19,74,35,109
"E54000024",2022-04-20,129,44,173
"E54000024",2022-04-21,96,71,167
"E54000024",2022-04-22,123,51,174
"E54000024",2022-04-23,65,32,97
"E54000024",2022-04-24,65,43,108
"E54000024",2022-04-25,123,50,173
"E54000024",2022-04-26,136,69,205
"E54000024",2022-04-27,134,57,191
"E54000024",2022-04-28,115,59,174
"E54000024",2022-04-29,90,46,136
"E54000024",2022-04-30,57,40,97
"E54000025",2022-04-01,144,105,249
"E54000025",2022-04-02,79,42,121
"E54000025",2022-04-03,77,36,113
"E54000025",2022-04-04,97,85,182
"E54000025",2022-04-05,135,84,219
"E54000025",2022-04-06,132,98,230
"E54000025",2022-04-07,117,95,212
"E54000025",2022-04-08,108,76,184
"E54000025",2022-04-09,97,59,156
"E54000025",2022-04-10,73,27,100
"E54000025",2022-04-11,96,74,170
"E54000025",2022-04-12,131,87,218
"E54000025",2022-04-13,134,93,227
"E54000025",2022-04-14,115,118,233
"E54000025",2022-04-15,135,63,198
"E54000025",2022-04-16,80,49,129
"E54000025",2022-04-17,57,36,93
"E54000025",2022-04-18,67,27,94
"E54000025",2022-04-19,74,78,152
"E54000025",2022-04-20,134,83,217
"E54000025",2022-04-21,114,99,213
"E54000025",2022-04-22,128,103,231
"E54000025",2022-04-23,107,64,171
"E54000025",2022-04-24,78,40,118
"E54000025",2022-04-25,104,80,184
"E54000025",2022-04-26,144,89,233
"E54000025",2022-04-27,147,95,242
"E54000025",2022-04-28,143,82,225
"E54000025",2022-04-29,128,116,244
"E54000025",2022-04-30,95,69,164
"E54000026",2022-04-01,0,0,0
"E54000026",2022-04-02,0,0,0
"E54000026",2022-04-03,19,5,24
"E54000026",2022-04-04,33,11,44
"E54000026",2022-04-05,46,12,58
"E54000026",2022-04-06,39,12,51
"E54000026",2022-04-07,45,14,59
"E54000026",2022-04-08,75,0,75
"E54000026",2022-04-09,25,0,25
"E54000026",2022-04-10,14,5,19
"E54000026",2022-04-11,31,9,40
"E54000026",2022-04-12,45,14,59
"E54000026",2022-04-13,52,17,69
"E54000026",2022-04-14,52,17,69
"E54000026",2022-04-15,0,0,0
"E54000026",2022-04-16,0,0,0
"E54000026",2022-04-17,0,0,0
"E54000026",2022-04-18,27,9,36
"E54000026",2022-04-19,27,9,36
"E54000026",2022-04-20,44,16,60
"E54000026",2022-04-21,58,17,75
"E54000026",2022-04-22,0,0,0
"E54000026",2022-04-23,0,0,0
"E54000026",2022-04-24,9,4,13
"E54000026",2022-04-25,43,14,57
"E54000026",2022-04-26,57,18,75
"E54000026",2022-04-27,53,49,102
"E54000026",2022-04-28,56,19,75
"E54000026",2022-04-29,69,22,91
"E54000026",2022-04-30,30,11,41
"E54000027",2022-04-01,230,128,358
"E54000027",2022-04-02,169,74,243
"E54000027",2022-04-03,122,34,156
"E54000027",2022-04-04,169,89,258
"E54000027",2022-04-05,209,120,329
"E54000027",2022-04-06,223,83,306
"E54000027",2022-04-07,218,100,318
"E54000027",2022-04-08,223,102,325
"E54000027",2022-04-09,145,48,193
"E54000027",2022-04-10,92,33,125
"E54000027",2022-04-11,146,110,256
"E54000027",2022-04-12,225,118,343
"E54000027",2022-04-13,224,121,345
"E54000027",2022-04-14,299,130,429
"E54000027",2022-04-15,198,55,253
"E54000027",2022-04-16,113,46,159
"E54000027",2022-04-17,104,23,127
"E54000027",2022-04-18,98,41,139
"E54000027",2022-04-19,135,98,233
"E54000027",2022-04-20,140,67,207
"E54000027",2022-04-21,215,107,322
"E54000027",2022-04-22,241,101,342
"E54000027",2022-04-23,153,50,203
"E54000027",2022-04-24,127,41,168
"E54000027",2022-04-25,115,61,176
"E54000027",2022-04-26,258,107,365
"E54000027",2022-04-27,246,116,362
"E54000027",2022-04-28,240,108,348
"E54000027",2022-04-29,250,144,394
"E54000027",2022-04-30,178,44,222
"E54000028",2022-04-01,137,171,308
"E54000028",2022-04-02,114,111,225
"E54000028",2022-04-03,83,61,144
"E54000028",2022-04-04,113,132,245
"E54000028",2022-04-05,139,145,284
"E54000028",2022-04-06,155,132,287
"E54000028",2022-04-07,145,150,295
"E54000028",2022-04-08,156,168,324
"E54000028",2022-04-09,108,104,212
"E54000028",2022-04-10,86,69,155
"E54000028",2022-04-11,102,118,220
"E54000028",2022-04-12,157,156,313
"E54000028",2022-04-13,148,147,295
"E54000028",2022-04-14,168,191,359
"E54000028",2022-04-15,138,104,242
"E54000028",2022-04-16,87,72,159
"E54000028",2022-04-17,75,86,161
"E54000028",2022-04-18,59,67,126
"E54000028",2022-04-19,93,111,204
"E54000028",2022-04-20,152,128,280
"E54000028",2022-04-21,176,134,310
"E54000028",2022-04-22,175,159,334
"E54000028",2022-04-23,122,110,232
"E54000028",2022-04-24,84,58,142
"E54000028",2022-04-25,107,135,242
"E54000028",2022-04-26,164,128,292
"E54000028",2022-04-27,129,112,241
"E54000028",2022-04-28,179,148,327
"E54000028",2022-04-29,173,184,357
"E54000028",2022-04-30,114,106,220
"E54000029",2022-04-01,153,128,281
"E54000029",2022-04-02,116,63,179
"E54000029",2022-04-03,100,38,138
"E54000029",2022-04-04,105,101,206
"E54000029",2022-04-05,151,109,260
"E54000029",2022-04-06,143,85,228
"E54000029",2022-04-07,166,129,295
"E54000029",2022-04-08,127,125,252
"E54000029",2022-04-09,124,55,179
"E54000029",2022-04-10,83,38,121
"E54000029",2022-04-11,69,58,127
"E54000029",2022-04-12,143,150,293
"E54000029",2022-04-13,196,142,338
"E54000029",2022-04-14,191,121,312
"E54000029",2022-04-15,165,84,249
"E54000029",2022-04-16,67,35,102
"E54000029",2022-04-17,96,40,136
"E54000029",2022-04-18,90,52,142
"E54000029",2022-04-19,125,92,217
"E54000029",2022-04-20,182,111,293
"E54000029",2022-04-21,177,125,302
"E54000029",2022-04-22,180,161,341
"E54000029",2022-04-23,111,51,162
"E54000029",2022-04-24,119,41,160
"E54000029",2022-04-25,120,139,259
"E54000029",2022-04-26,167,113,280
"E54000029",2022-04-27,157,116,273
"E54000029",2022-04-28,163,95,258
"E54000029",2022-04-29,180,166,346
"E54000029",2022-04-30,157,62,219
"E54000030",2022-04-01,195,117,312
"E54000030",2022-04-02,99,56,155
"E54000030",2022-04-03,114,58,172
"E54000030",2022-04-04,201,130,331
"E54000030",2022-04-05,210,101,311
"E54000030",2022-04-06,229,136,365
"E54000030",2022-04-07,208,121,329
"E54000030",2022-04-08,192,108,300
"E54000030",2022-04-09,126,60,186
"E54000030",2022-04-10,92,55,147
"E54000030",2022-04-11,171,118,289
"E54000030",2022-04-12,223,118,341
"E54000030",2022-04-13,236,125,361
"E54000030",2022-04-14,220,136,356
"E54000030",2022-04-15,150,70,220
"E54000030",2022-04-16,112,65,177
"E54000030",2022-04-17,118,40,158
"E54000030",2022-04-18,85,34,119
"E54000030",2022-04-19,189,150,339
"E54000030",2022-04-20,229,130,359
"E54000030",2022-04-21,216,133,349
"E54000030",2022-04-22,219,130,349
"E54000030",2022-04-23,103,47,150
"E54000030",2022-04-24,140,42,182
"E54000030",2022-04-25,171,118,289
"E54000030",2022-04-26,177,106,283
"E54000030",2022-04-27,191,138,329
"E54000030",2022-04-28,235,103,338
"E54000030",2022-04-29,203,142,345
"E54000030",2022-04-30,133,61,194
"E54000031",2022-04-01,152,87,239
"E54000031",2022-04-02,98,53,151
"E54000031",2022-04-03,84,35,119
"E54000031",2022-04-04,117,87,204
"E54000031",2022-04-05,168,104,272
"E54000031",2022-04-06,145,101,246
"E54000031",2022-04-07,179,108,287
"E54000031",2022-04-08,146,98,244
"E54000031",2022-04-09,91,34,125
"E54000031",2022-04-10,74,43,117
"E54000031",2022-04-11,133,95,228
"E54000031",2022-04-12,180,100,280
"E54000031",2022-04-13,191,98,289
"E54000031",2022-04-14,178,136,314
"E54000031",2022-04-15,132,60,192
"E54000031",2022-04-16,88,65,153
"E54000031",2022-04-17,66,39,105
"E54000031",2022-04-18,75,52,127
"E54000031",2022-04-19,105,83,188
"E54000031",2022-04-20,170,96,266
"E54000031",2022-04-21,179,113,292
"E54000031",2022-04-22,174,98,272
"E54000031",2022-04-23,162,62,224
"E54000031",2022-04-24,90,34,124
"E54000031",2022-04-25,153,76,229
"E54000031",2022-04-26,153,126,279
"E54000031",2022-04-27,164,99,263
"E54000031",2022-04-28,176,105,281
"E54000031",2022-04-29,201,123,324
"E54000031",2022-04-30,118,80,198
"E54000010",2022-04-01,105,46,151
"E54000010",2022-04-02,62,28,90
"E54000010",2022-04-03,47,32,79
"E54000010",2022-04-04,68,38,106
"E54000010",2022-04-05,111,80,191
"E54000010",2022-04-06,102,48,150
"E54000010",2022-04-07,93,63,156
"E54000010",2022-04-08,81,65,146
"E54000010",2022-04-09,73,33,106
"E54000010",2022-04-10,0,0,0
"E54000010",2022-04-11,74,65,139
"E54000010",2022-04-12,105,61,166
"E54000010",2022-04-13,96,62,158
"E54000010",2022-04-14,104,63,167
"E54000010",2022-04-15,79,42,121
"E54000010",2022-04-16,40,33,73
"E54000010",2022-04-17,48,27,75
"E54000010",2022-04-18,70,34,104
"E54000010",2022-04-19,70,34,104
"E54000010",2022-04-20,94,75,169
"E54000010",2022-04-21,105,56,161
"E54000010",2022-04-22,76,46,122
"E54000010",2022-04-23,55,35,90
"E54000010",2022-04-24,63,29,92
"E54000010",2022-04-25,68,63,131
"E54000010",2022-04-26,120,48,168
"E54000010",2022-04-27,88,67,155
"E54000010",2022-04-28,97,53,150
"E54000010",2022-04-29,105,54,159
"E54000010",2022-04-30,66,38,104
"E54000011",2022-04-01,48,58,106
"E54000011",2022-04-02,30,38,68
"E54000011",2022-04-03,31,5,36
"E54000011",2022-04-04,33,66,99
"E54000011",2022-04-05,44,49,93
"E54000011",2022-04-06,60,47,107
"E54000011",2022-04-07,50,61,111
"E54000011",2022-04-08,49,41,90
"E54000011",2022-04-09,27,20,47
"E54000011",2022-04-10,34,21,55
"E54000011",2022-04-11,45,50,95
"E54000011",2022-04-12,45,53,98
"E54000011",2022-04-13,55,67,122
"E54000011",2022-04-14,60,79,139
"E54000011",2022-04-15,60,39,99
"E54000011",2022-04-16,38,35,73
"E54000011",2022-04-17,20,26,46
"E54000011",2022-04-18,33,20,53
"E54000011",2022-04-19,46,48,94
"E54000011",2022-04-20,54,69,123
"E54000011",2022-04-21,58,77,135
"E54000011",2022-04-22,52,77,129
"E54000011",2022-04-23,49,27,76
"E54000011",2022-04-24,43,15,58
"E54000011",2022-04-25,34,44,78
"E54000011",2022-04-26,55,65,120
"E54000011",2022-04-27,53,56,109
"E54000011",2022-04-28,66,60,126
"E54000011",2022-04-29,66,69,135
"E54000011",2022-04-30,37,41,78
"E54000058",2022-04-01,195,115,310
"E54000058",2022-04-02,115,77,192
"E54000058",2022-04-03,96,54,150
"E54000058",2022-04-04,142,82,224
"E54000058",2022-04-05,154,83,237
"E54000058",2022-04-06,171,119,290
"E54000058",2022-04-07,166,83,249
"E54000058",2022-04-08,189,130,319
"E54000058",2022-04-09,130,76,206
"E54000058",2022-04-10,116,34,150
"E54000058",2022-04-11,131,107,238
"E54000058",2022-04-12,167,118,285
"E54000058",2022-04-13,163,115,278
"E54000058",2022-04-14,194,115,309
"E54000058",2022-04-15,154,73,227
"E54000058",2022-04-16,70,64,134
"E54000058",2022-04-17,86,48,134
"E54000058",2022-04-18,92,42,134
"E54000058",2022-04-19,98,100,198
"E54000058",2022-04-20,148,109,257
"E54000058",2022-04-21,137,94,231
"E54000058",2022-04-22,189,117,306
"E54000058",2022-04-23,133,58,191
"E54000058",2022-04-24,100,45,145
"E54000058",2022-04-25,128,96,224
"E54000058",2022-04-26,140,103,243
"E54000058",2022-04-27,140,112,252
"E54000058",2022-04-28,180,88,268
"E54000058",2022-04-29,188,140,328
"E54000058",2022-04-30,120,85,205
"E54000013",2022-04-01,79,65,144
"E54000013",2022-04-02,29,41,70
"E54000013",2022-04-03,63,32,95
"E54000013",2022-04-04,62,83,145
"E54000013",2022-04-05,86,87,173
"E54000013",2022-04-06,81,100,181
"E54000013",2022-04-07,73,74,147
"E54000013",2022-04-08,89,104,193
"E54000013",2022-04-09,64,30,94
"E54000013",2022-04-10,55,47,102
"E54000013",2022-04-11,81,86,167
"E54000013",2022-04-12,66,89,155
"E54000013",2022-04-13,84,81,165
"E54000013",2022-04-14,88,83,171
"E54000013",2022-04-15,86,53,139
"E54000013",2022-04-16,33,32,65
"E54000013",2022-04-17,61,39,100
"E54000013",2022-04-18,53,27,80
"E54000013",2022-04-19,69,74,143
"E54000013",2022-04-20,107,83,190
"E54000013",2022-04-21,69,103,172
"E54000013",2022-04-22,78,84,162
"E54000013",2022-04-23,55,44,99
"E54000013",2022-04-24,43,16,59
"E54000013",2022-04-25,82,85,167
"E54000013",2022-04-26,91,79,170
"E54000013",2022-04-27,78,96,174
"E54000013",2022-04-28,94,89,183
"E54000013",2022-04-29,85,84,169
"E54000013",2022-04-30,0,0,0
"E54000060",2022-04-01,198,147,345
"E54000060",2022-04-02,128,51,179
"E54000060",2022-04-03,103,45,148
"E54000060",2022-04-04,179,120,299
"E54000060",2022-04-05,177,123,300
"E54000060",2022-04-06,201,107,308
"E54000060",2022-04-07,189,123,312
"E54000060",2022-04-08,180,144,324
"E54000060",2022-04-09,109,55,164
"E54000060",2022-04-10,125,41,166
"E54000060",2022-04-11,141,122,263
"E54000060",2022-04-12,176,131,307
"E54000060",2022-04-13,204,128,332
"E54000060",2022-04-14,228,149,377
"E54000060",2022-04-15,170,77,247
"E54000060",2022-04-16,113,62,175
"E54000060",2022-04-17,88,60,148
"E54000060",2022-04-18,96,54,150
"E54000060",2022-04-19,144,126,270
"E54000060",2022-04-20,180,118,298
"E54000060",2022-04-21,218,146,364
"E54000060",2022-04-22,247,154,401
"E54000060",2022-04-23,137,85,222
"E54000060",2022-04-24,89,47,136
"E54000060",2022-04-25,180,129,309
"E54000060",2022-04-26,228,108,336
"E54000060",2022-04-27,181,123,304
"E54000060",2022-04-28,218,131,349
"E54000060",2022-04-29,152,57,209
"E54000060",2022-04-30,126,72,198
"E54000015",2022-04-01,143,198,341
"E54000015",2022-04-02,112,68,180
"E54000015",2022-04-03,65,48,113
"E54000015",2022-04-04,78,106,184
"E54000015",2022-04-05,138,79,217
"E54000015",2022-04-06,132,119,251
"E54000015",2022-04-07,128,96,224
"E54000015",2022-04-08,130,93,223
"E54000015",2022-04-09,100,46,146
"E54000015",2022-04-10,89,53,142
"E54000015",2022-04-11,91,94,185
"E54000015",2022-04-12,109,111,220
"E54000015",2022-04-13,124,107,231
"E54000015",2022-04-14,133,104,237
"E54000015",2022-04-15,129,85,214
"E54000015",2022-04-16,98,74,172
"E54000015",2022-04-17,84,40,124
"E54000015",2022-04-18,78,49,127
"E54000015",2022-04-19,77,113,190
"E54000015",2022-04-20,120,92,212
"E54000015",2022-04-21,117,95,212
"E54000015",2022-04-22,137,137,274
"E54000015",2022-04-23,133,68,201
"E54000015",2022-04-24,65,54,119
"E54000015",2022-04-25,84,96,180
"E54000015",2022-04-26,142,108,250
"E54000015",2022-04-27,124,93,217
"E54000015",2022-04-28,130,104,234
"E54000015",2022-04-29,141,92,233
"E54000015",2022-04-30,119,70,189
"E54000062",2022-04-01,184,130,314
"E54000062",2022-04-02,139,72,211
"E54000062",2022-04-03,151,79,230
"E54000062",2022-04-04,189,131,320
"E54000062",2022-04-05,223,152,375
"E54000062",2022-04-06,204,157,361
"E54000062",2022-04-07,208,143,351
"E54000062",2022-04-08,183,149,332
"E54000062",2022-04-09,149,85,234
"E54000062",2022-04-10,126,69,195
"E54000062",2022-04-11,192,142,334
"E54000062",2022-04-12,229,89,318
"E54000062",2022-04-13,181,104,285
"E54000062",2022-04-14,174,149,323
"E54000062",2022-04-15,206,102,308
"E54000062",2022-04-16,135,70,205
"E54000062",2022-04-17,113,44,157
"E54000062",2022-04-18,89,51,140
"E54000062",2022-04-19,157,130,287
"E54000062",2022-04-20,193,132,325
"E54000062",2022-04-21,188,136,324
"E54000062",2022-04-22,210,143,353
"E54000062",2022-04-23,151,84,235
"E54000062",2022-04-24,104,70,174
"E54000062",2022-04-25,180,112,292
"E54000062",2022-04-26,243,136,379
"E54000062",2022-04-27,204,101,305
"E54000062",2022-04-28,205,118,323
"E54000062",2022-04-29,195,154,349
"E54000062",2022-04-30,159,85,244
"E54000055",2022-04-01,21,30,51
"E54000055",2022-04-02,20,17,37
"E54000055",2022-04-03,18,22,40
"E54000055",2022-04-04,17,26,43
"E54000055",2022-04-05,18,19,37
"E54000055",2022-04-06,23,28,51
"E54000055",2022-04-07,0,0,0
"E54000055",2022-04-08,27,29,56
"E54000055",2022-04-09,20,17,37
"E54000055",2022-04-10,12,15,27
"E54000055",2022-04-11,20,21,41
"E54000055",2022-04-12,28,19,47
"E54000055",2022-04-13,38,26,64
"E54000055",2022-04-14,38,34,72
"E54000055",2022-04-15,26,24,50
"E54000055",2022-04-16,17,11,28
"E54000055",2022-04-17,19,26,45
"E54000055",2022-04-18,0,0,0
"E54000055",2022-04-19,26,15,41
"E54000055",2022-04-20,0,0,0
"E54000055",2022-04-21,25,19,44
"E54000055",2022-04-22,0,0,0
"E54000055",2022-04-23,0,0,0
"E54000055",2022-04-24,0,0,0
"E54000055",2022-04-25,0,0,0
"E54000055",2022-04-26,27,23,50
"E54000055",2022-04-27,24,20,44
"E54000055",2022-04-28,0,0,0
"E54000055",2022-04-29,33,26,59
"E54000055",2022-04-30,0,0,0
"E54000018",2022-04-01,92,97,189
"E54000018",2022-04-02,72,49,121
"E54000018",2022-04-03,60,38,98
"E54000018",2022-04-04,80,72,152
"E54000018",2022-04-05,126,84,210
"E54000018",2022-04-06,116,63,179
"E54000018",2022-04-07,138,86,224
"E54000018",2022-04-08,128,74,202
"E54000018",2022-04-09,78,69,147
"E54000018",2022-04-10,58,38,96
"E54000018",2022-04-11,108,83,191
"E54000018",2022-04-12,115,101,216
"E54000018",2022-04-13,91,71,162
"E54000018",2022-04-14,130,82,212
"E54000018",2022-04-15,108,57,165
"E54000018",2022-04-16,58,40,98
"E54000018",2022-04-17,48,33,81
"E54000018",2022-04-18,46,35,81
"E54000018",2022-04-19,86,99,185
"E54000018",2022-04-20,100,89,189
"E54000018",2022-04-21,109,100,209
"E54000018",2022-04-22,103,69,172
"E54000018",2022-04-23,85,48,133
"E54000018",2022-04-24,58,40,98
"E54000018",2022-04-25,86,85,171
"E54000018",2022-04-26,131,95,226
"E54000018",2022-04-27,128,106,234
"E54000018",2022-04-28,151,98,249
"E54000018",2022-04-29,131,96,227
"E54000018",2022-04-30,81,56,137
"E54000019",2022-04-01,9,6,15
"E54000019",2022-04-02,4,0,4
"E54000019",2022-04-03,2,2,4
"E54000019",2022-04-04,7,2,9
"E54000019",2022-04-05,4,2,6
"E54000019",2022-04-06,9,6,15
"E54000019",2022-04-07,8,5,13
"E54000019",2022-04-08,3,2,5
"E54000019",2022-04-09,3,1,4
"E54000019",2022-04-10,3,0,3
"E54000019",2022-04-11,9,0,9
"E54000019",2022-04-12,9,5,14
"E54000019",2022-04-13,4,3,7
"E54000019",2022-04-14,6,6,12
"E54000019",2022-04-15,5,3,8
"E54000019",2022-04-16,3,2,5
"E54000019",2022-04-17,3,1,4
"E54000019",2022-04-18,2,0,2
"E54000019",2022-04-19,10,1,11
"E54000019",2022-04-20,7,3,10
"E54000019",2022-04-21,6,3,9
"E54000019",2022-04-22,10,9,19
"E54000019",2022-04-23,5,0,5
"E54000019",2022-04-24,1,1,2
"E54000019",2022-04-25,9,5,14
"E54000019",2022-04-26,8,3,11
"E54000019",2022-04-27,11,7,18
"E54000019",2022-04-28,9,5,14
"E54000019",2022-04-29,10,1,11
"E54000019",2022-04-30,4,1,5
"E54000059",2022-04-01,61,62,123
"E54000059",2022-04-02,55,43,98
"E54000059",2022-04-03,13,5,18
"E54000059",2022-04-04,49,53,102
"E54000059",2022-04-05,63,44,107
"E54000059",2022-04-06,74,61,135
"E54000059",2022-04-07,69,56,125
"E54000059",2022-04-08,59,81,140
"E54000059",2022-04-09,72,38,110
"E54000059",2022-04-10,32,40,72
"E54000059",2022-04-11,64,50,114
"E54000059",2022-04-12,76,66,142
"E54000059",2022-04-13,69,50,119
"E54000059",2022-04-14,78,74,152
"E54000059",2022-04-15,65,40,105
"E54000059",2022-04-16,47,50,97
"E54000059",2022-04-17,49,43,92
"E54000059",2022-04-18,32,15,47
"E54000059",2022-04-19,61,53,114
"E54000059",2022-04-20,89,49,138
"E54000059",2022-04-21,91,57,148
"E54000059",2022-04-22,81,63,144
"E54000059",2022-04-23,57,44,101
"E54000059",2022-04-24,41,19,60
"E54000059",2022-04-25,55,62,117
"E54000059",2022-04-26,79,51,130
"E54000059",2022-04-27,80,55,135
"E54000059",2022-04-28,75,70,145
"E54000059",2022-04-29,88,75,163
"E54000059",2022-04-30,61,68,129
"E54000061",2022-04-01,214,213,427
"E54000061",2022-04-02,192,97,289
"E54000061",2022-04-03,144,79,223
"E54000061",2022-04-04,154,186,340
"E54000061",2022-04-05,205,190,395
"E54000061",2022-04-06,234,174,408
"E54000061",2022-04-07,197,162,359
"E54000061",2022-04-08,219,189,408
"E54000061",2022-04-09,198,104,302
"E54000061",2022-04-10,140,68,208
"E54000061",2022-04-11,182,181,363
"E54000061",2022-04-12,208,173,381
"E54000061",2022-04-13,203,185,388
"E54000061",2022-04-14,227,199,426
"E54000061",2022-04-15,221,122,343
"E54000061",2022-04-16,177,75,252
"E54000061",2022-04-17,154,58,212
"E54000061",2022-04-18,155,47,202
"E54000061",2022-04-19,156,164,320
"E54000061",2022-04-20,233,173,406
"E54000061",2022-04-21,236,157,393
"E54000061",2022-04-22,222,218,440
"E54000061",2022-04-23,167,118,285
"E54000061",2022-04-24,131,110,241
"E54000061",2022-04-25,170,181,351
"E54000061",2022-04-26,222,178,400
"E54000061",2022-04-27,228,195,423
"E54000061",2022-04-28,222,204,426
"E54000061",2022-04-29,226,255,481
"E54000061",2022-04-30,215,98,313
"E54000050",2022-04-01,388,337,725
"E54000050",2022-04-02,270,238,508
"E54000050",2022-04-03,271,191,462
"E54000050",2022-04-04,309,313,622
"E54000050",2022-04-05,435,305,740
"E54000050",2022-04-06,411,321,732
"E54000050",2022-04-07,405,365,770
"E54000050",2022-04-08,413,344,757
"E54000050",2022-04-09,308,220,528
"E54000050",2022-04-10,233,173,406
"E54000050",2022-04-11,342,338,680
"E54000050",2022-04-12,417,331,748
"E54000050",2022-04-13,407,352,759
"E54000050",2022-04-14,407,358,765
"E54000050",2022-04-15,363,279,642
"E54000050",2022-04-16,275,228,503
"E54000050",2022-04-17,247,176,423
"E54000050",2022-04-18,261,203,464
"E54000050",2022-04-19,297,325,622
"E54000050",2022-04-20,409,358,767
"E54000050",2022-04-21,390,322,712
"E54000050",2022-04-22,440,347,787
"E54000050",2022-04-23,282,217,499
"E54000050",2022-04-24,281,179,460
"E54000050",2022-04-25,314,300,614
"E54000050",2022-04-26,407,304,711
"E54000050",2022-04-27,436,328,764
"E54000050",2022-04-28,428,352,780
"E54000050",2022-04-29,426,372,798
"E54000050",2022-04-30,293,257,550
"E54000051",2022-04-01,168,119,287
"E54000051",2022-04-02,109,61,170
"E54000051",2022-04-03,81,37,118
"E54000051",2022-04-04,127,132,259
"E54000051",2022-04-05,173,146,319
"E54000051",2022-04-06,192,108,300
"E54000051",2022-04-07,181,113,294
"E54000051",2022-04-08,176,121,297
"E54000051",2022-04-09,95,62,157
"E54000051",2022-04-10,97,65,162
"E54000051",2022-04-11,130,112,242
"E54000051",2022-04-12,178,149,327
"E54000051",2022-04-13,163,153,316
"E54000051",2022-04-14,210,148,358
"E54000051",2022-04-15,167,83,250
"E54000051",2022-04-16,104,77,181
"E54000051",2022-04-17,69,53,122
"E54000051",2022-04-18,85,60,145
"E54000051",2022-04-19,118,101,219
"E54000051",2022-04-20,219,128,347
"E54000051",2022-04-21,176,151,327
"E54000051",2022-04-22,218,141,359
"E54000051",2022-04-23,116,79,195
"E54000051",2022-04-24,87,55,142
"E54000051",2022-04-25,145,130,275
"E54000051",2022-04-26,167,116,283
"E54000051",2022-04-27,179,141,320
"E54000051",2022-04-28,238,135,373
"E54000051",2022-04-29,231,134,365
"E54000051",2022-04-30,160,73,233
"E54000054",2022-04-01,389,213,602
"E54000054",2022-04-02,224,140,364
"E54000054",2022-04-03,207,97,304
"E54000054",2022-04-04,318,200,518
"E54000054",2022-04-05,393,221,614
"E54000054",2022-04-06,342,234,576
"E54000054",2022-04-07,402,212,614
"E54000054",2022-04-08,330,208,538
"E54000054",2022-04-09,254,140,394
"E54000054",2022-04-10,211,103,314
"E54000054",2022-04-11,300,202,502
"E54000054",2022-04-12,369,220,589
"E54000054",2022-04-13,337,209,546
"E54000054",2022-04-14,391,283,674
"E54000054",2022-04-15,301,151,452
"E54000054",2022-04-16,135,107,242
"E54000054",2022-04-17,125,99,224
"E54000054",2022-04-18,180,120,300
"E54000054",2022-04-19,255,206,461
"E54000054",2022-04-20,320,208,528
"E54000054",2022-04-21,354,229,583
"E54000054",2022-04-22,365,223,588
"E54000054",2022-04-23,219,145,364
"E54000054",2022-04-24,209,189,398
"E54000054",2022-04-25,262,189,451
"E54000054",2022-04-26,358,232,590
"E54000054",2022-04-27,340,218,558
"E54000054",2022-04-28,421,229,650
"E54000054",2022-04-29,368,279,647
"E54000054",2022-04-30,194,124,318
"E54000057",2022-04-01,351,146,497
"E54000057",2022-04-02,229,56,285
"E54000057",2022-04-03,184,38,222
"E54000057",2022-04-04,233,110,343
"E54000057",2022-04-05,373,104,477
"E54000057",2022-04-06,345,125,470
"E54000057",2022-04-07,357,98,455
"E54000057",2022-04-08,364,95,459
"E54000057",2022-04-09,223,61,284
"E54000057",2022-04-10,159,43,202
"E54000057",2022-04-11,314,97,411
"E54000057",2022-04-12,370,100,470
"E54000057",2022-04-13,359,117,476
"E54000057",2022-04-14,331,156,487
"E54000057",2022-04-15,258,72,330
"E54000057",2022-04-16,191,45,236
"E54000057",2022-04-17,144,44,188
"E54000057",2022-04-18,212,77,289
"E54000057",2022-04-19,319,103,422
"E54000057",2022-04-20,401,121,522
"E54000057",2022-04-21,338,147,485
"E54000057",2022-04-22,368,163,531
"E54000057",2022-04-23,222,55,277
"E54000057",2022-04-24,229,46,275
"E54000057",2022-04-25,340,95,435
"E54000057",2022-04-26,404,127,531
"E54000057",2022-04-27,458,168,626
"E54000057",2022-04-28,368,168,536
"E54000057",2022-04-29,443,195,638
"E54000057",2022-04-30,345,139,484
"E54000008",2022-04-01,253,182,435
"E54000008",2022-04-02,145,76,221
"E54000008",2022-04-03,145,49,194
"E54000008",2022-04-04,210,165,375
"E54000008",2022-04-05,207,120,327
"E54000008",2022-04-06,254,155,409
"E54000008",2022-04-07,272,136,408
"E54000008",2022-04-08,261,193,454
"E54000008",2022-04-09,169,62,231
"E54000008",2022-04-10,146,59,205
"E54000008",2022-04-11,187,164,351
"E54000008",2022-04-12,259,170,429
"E54000008",2022-04-13,254,172,426
"E54000008",2022-04-14,272,181,453
"E54000008",2022-04-15,191,126,317
"E54000008",2022-04-16,114,70,184
"E54000008",2022-04-17,100,63,163
"E54000008",2022-04-18,105,62,167
"E54000008",2022-04-19,174,170,344
"E54000008",2022-04-20,261,188,449
"E54000008",2022-04-21,258,152,410
"E54000008",2022-04-22,237,185,422
"E54000008",2022-04-23,158,94,252
"E54000008",2022-04-24,131,65,196
"E54000008",2022-04-25,189,161,350
"E54000008",2022-04-26,250,174,424
"E54000008",2022-04-27,265,161,426
"E54000008",2022-04-28,266,208,474
"E54000008",2022-04-29,256,178,434
"E54000008",2022-04-30,156,123,279
"E54000048",2022-04-01,251,186,437
"E54000048",2022-04-02,114,70,184
"E54000048",2022-04-03,70,57,127
"E54000048",2022-04-04,159,138,297
"E54000048",2022-04-05,255,152,407
"E54000048",2022-04-06,257,141,398
"E54000048",2022-04-07,245,179,424
"E54000048",2022-04-08,213,179,392
"E54000048",2022-04-09,122,68,190
"E54000048",2022-04-10,82,49,131
"E54000048",2022-04-11,180,142,322
"E54000048",2022-04-12,224,136,360
"E54000048",2022-04-13,263,158,421
"E54000048",2022-04-14,253,182,435
"E54000048",2022-04-15,125,88,213
"E54000048",2022-04-16,90,68,158
"E54000048",2022-04-17,80,51,131
"E54000048",2022-04-18,71,51,122
"E54000048",2022-04-19,197,170,367
"E54000048",2022-04-20,257,158,415
"E54000048",2022-04-21,162,146,308
"E54000048",2022-04-22,145,133,278
"E54000048",2022-04-23,97,81,178
"E54000048",2022-04-24,119,101,220
"E54000048",2022-04-25,140,113,253
"E54000048",2022-04-26,140,112,252
"E54000048",2022-04-27,153,140,293
"E54000048",2022-04-28,194,123,317
"E54000048",2022-04-29,178,139,317
"E54000048",2022-04-30,125,77,202
"E54000032",2022-04-01,203,148,351
"E54000032",2022-04-02,151,92,243
"E54000032",2022-04-03,109,44,153
"E54000032",2022-04-04,194,120,314
"E54000032",2022-04-05,196,101,297
"E54000032",2022-04-06,202,130,332
"E54000032",2022-04-07,216,118,334
"E54000032",2022-04-08,222,143,365
"E54000032",2022-04-09,143,89,232
"E54000032",2022-04-10,101,63,164
"E54000032",2022-04-11,159,121,280
"E54000032",2022-04-12,172,150,322
"E54000032",2022-04-13,182,121,303
"E54000032",2022-04-14,219,156,375
"E54000032",2022-04-15,210,80,290
"E54000032",2022-04-16,153,98,251
"E54000032",2022-04-17,146,90,236
"E54000032",2022-04-18,119,93,212
"E54000032",2022-04-19,130,117,247
"E54000032",2022-04-20,186,133,319
"E54000032",2022-04-21,216,134,350
"E54000032",2022-04-22,228,150,378
"E54000032",2022-04-23,155,87,242
"E54000032",2022-04-24,96,79,175
"E54000032",2022-04-25,159,131,290
"E54000032",2022-04-26,188,150,338
"E54000032",2022-04-27,197,113,310
"E54000032",2022-04-28,223,109,332
"E54000032",2022-04-29,231,151,382
"E54000032",2022-04-30,178,94,272
"E54000034",2022-04-01,0,0,0
"E54000034",2022-04-02,52,33,85
"E54000034",2022-04-03,31,25,56
"E54000034",2022-04-04,66,71,137
"E54000034",2022-04-05,88,72,160
"E54000034",2022-04-06,74,76,150
"E54000034",2022-04-07,84,71,155
"E54000034",2022-04-08,91,100,191
"E54000034",2022-04-09,49,33,82
"E54000034",2022-04-10,44,19,63
"E54000034",2022-04-11,53,66,119
"E54000034",2022-04-12,93,75,168
"E54000034",2022-04-13,86,80,166
"E54000034",2022-04-14,85,80,165
"E54000034",2022-04-15,74,74,148
"E54000034",2022-04-16,42,45,87
"E54000034",2022-04-17,31,38,69
"E54000034",2022-04-18,42,28,70
"E54000034",2022-04-19,48,50,98
"E54000034",2022-04-20,81,64,145
"E54000034",2022-04-21,84,52,136
"E54000034",2022-04-22,104,90,194
"E54000034",2022-04-23,54,46,100
"E54000034",2022-04-24,41,20,61
"E54000034",2022-04-25,75,54,129
"E54000034",2022-04-26,80,64,144
"E54000034",2022-04-27,0,0,0
"E54000034",2022-04-28,0,0,0
"E54000034",2022-04-29,0,0,0
"E54000034",2022-04-30,0,0,0
"E54000042",2022-04-01,172,129,301
"E54000042",2022-04-02,114,67,181
"E54000042",2022-04-03,102,52,154
"E54000042",2022-04-04,148,109,257
"E54000042",2022-04-05,215,126,341
"E54000042",2022-04-06,196,143,339
"E54000042",2022-04-07,222,113,335
"E54000042",2022-04-08,217,173,390
"E54000042",2022-04-09,98,67,165
"E54000042",2022-04-10,88,39,127
"E54000042",2022-04-11,140,113,253
"E54000042",2022-04-12,212,112,324
"E54000042",2022-04-13,194,122,316
"E54000042",2022-04-14,229,165,394
"E54000042",2022-04-15,177,85,262
"E54000042",2022-04-16,92,79,171
"E54000042",2022-04-17,87,51,138
"E54000042",2022-04-18,71,29,100
"E54000042",2022-04-19,122,92,214
"E54000042",2022-04-20,130,86,216
"E54000042",2022-04-21,141,94,235
"E54000042",2022-04-22,125,89,214
"E54000042",2022-04-23,78,36,114
"E54000042",2022-04-24,66,38,104
"E54000042",2022-04-25,139,95,234
"E54000042",2022-04-26,169,124,293
"E54000042",2022-04-27,172,109,281
"E54000042",2022-04-28,151,95,246
"E54000042",2022-04-29,182,131,313
"E54000042",2022-04-30,80,40,120
"E54000044",2022-04-01,192,142,334
"E54000044",2022-04-02,135,112,247
"E54000044",2022-04-03,99,49,148
"E54000044",2022-04-04,162,127,289
"E54000044",2022-04-05,215,118,333
"E54000044",2022-04-06,201,109,310
"E54000044",2022-04-07,162,76,238
"E54000044",2022-04-08,202,168,370
"E54000044",2022-04-09,122,57,179
"E54000044",2022-04-10,116,46,162
"E54000044",2022-04-11,165,115,280
"E54000044",2022-04-12,157,115,272
"E54000044",2022-04-13,212,126,338
"E54000044",2022-04-14,157,107,264
"E54000044",2022-04-15,206,78,284
"E54000044",2022-04-16,127,51,178
"E54000044",2022-04-17,111,52,163
"E54000044",2022-04-18,124,65,189
"E54000044",2022-04-19,132,89,221
"E54000044",2022-04-20,188,108,296
"E54000044",2022-04-21,196,149,345
"E54000044",2022-04-22,190,150,340
"E54000044",2022-04-23,150,85,235
"E54000044",2022-04-24,107,62,169
"E54000044",2022-04-25,175,106,281
"E54000044",2022-04-26,192,112,304
"E54000044",2022-04-27,218,143,361
"E54000044",2022-04-28,194,106,300
"E54000044",2022-04-29,230,153,383
"E54000044",2022-04-30,192,102,294
"E54000052",2022-04-01,158,86,244
"E54000052",2022-04-02,94,39,133
"E54000052",2022-04-03,68,27,95
"E54000052",2022-04-04,83,68,151
"E54000052",2022-04-05,127,54,181
"E54000052",2022-04-06,114,63,177
"E54000052",2022-04-07,157,66,223
"E54000052",2022-04-08,162,91,253
"E54000052",2022-04-09,96,36,132
"E54000052",2022-04-10,67,21,88
"E54000052",2022-04-11,112,67,179
"E54000052",2022-04-12,145,77,222
"E54000052",2022-04-13,139,65,204
"E54000052",2022-04-14,186,119,305
"E54000052",2022-04-15,136,65,201
"E54000052",2022-04-16,92,34,126
"E54000052",2022-04-17,78,28,106
"E54000052",2022-04-18,63,29,92
"E54000052",2022-04-19,65,60,125
"E54000052",2022-04-20,113,62,175
"E54000052",2022-04-21,142,72,214
"E54000052",2022-04-22,170,90,260
"E54000052",2022-04-23,92,29,121
"E54000052",2022-04-24,46,26,72
"E54000052",2022-04-25,116,68,184
"E54000052",2022-04-26,129,72,201
"E54000052",2022-04-27,116,61,177
"E54000052",2022-04-28,122,70,192
"E54000052",2022-04-29,147,111,258
"E54000052",2022-04-30,115,61,176
"E54000053",2022-04-01,223,172,395
"E54000053",2022-04-02,154,49,203
"E54000053",2022-04-03,100,35,135
"E54000053",2022-04-04,191,133,324
"E54000053",2022-04-05,229,161,390
"E54000053",2022-04-06,231,112,343
"E54000053",2022-04-07,225,140,365
"E54000053",2022-04-08,240,155,395
"E54000053",2022-04-09,162,50,212
"E54000053",2022-04-10,111,36,147
"E54000053",2022-04-11,212,137,349
"E54000053",2022-04-12,232,135,367
"E54000053",2022-04-13,269,152,421
"E54000053",2022-04-14,276,190,466
"E54000053",2022-04-15,214,71,285
"E54000053",2022-04-16,140,52,192
"E54000053",2022-04-17,102,45,147
"E54000053",2022-04-18,113,47,160
"E54000053",2022-04-19,216,149,365
"E54000053",2022-04-20,258,144,402
"E54000053",2022-04-21,262,139,401
"E54000053",2022-04-22,276,188,464
"E54000053",2022-04-23,154,49,203
"E54000053",2022-04-24,118,41,159
"E54000053",2022-04-25,182,165,347
"E54000053",2022-04-26,292,154,446
"E54000053",2022-04-27,233,142,375
"E54000053",2022-04-28,260,140,400
"E54000053",2022-04-29,271,195,466
"E54000053",2022-04-30,192,91,283
"E54000036",2022-04-01,49,40,89
"E54000036",2022-04-02,46,29,75
"E54000036",2022-04-03,22,10,32
"E54000036",2022-04-04,29,39,68
"E54000036",2022-04-05,51,33,84
"E54000036",2022-04-06,37,23,60
"E54000036",2022-04-07,42,31,73
"E54000036",2022-04-08,45,45,90
"E54000036",2022-04-09,34,19,53
"E54000036",2022-04-10,21,17,38
"E54000036",2022-04-11,44,32,76
"E54000036",2022-04-12,48,24,72
"E54000036",2022-04-13,51,45,96
"E54000036",2022-04-14,61,38,99
"E54000036",2022-04-15,37,25,62
"E54000036",2022-04-16,28,27,55
"E54000036",2022-04-17,30,15,45
"E54000036",2022-04-18,36,10,46
"E54000036",2022-04-19,46,33,79
"E54000036",2022-04-20,41,32,73
"E54000036",2022-04-21,51,43,94
"E54000036",2022-04-22,68,36,104
"E54000036",2022-04-23,34,25,59
"E54000036",2022-04-24,37,12,49
"E54000036",2022-04-25,54,38,92
"E54000036",2022-04-26,64,29,93
"E54000036",2022-04-27,58,31,89
"E54000036",2022-04-28,42,44,86
"E54000036",2022-04-29,64,49,113
"E54000036",2022-04-30,32,26,58
"E54000037",2022-04-01,129,105,234
"E54000037",2022-04-02,96,54,150
"E54000037",2022-04-03,78,34,112
"E54000037",2022-04-04,139,110,249
"E54000037",2022-04-05,144,87,231
"E54000037",2022-04-06,155,89,244
"E54000037",2022-04-07,188,106,294
"E54000037",2022-04-08,175,93,268
"E54000037",2022-04-09,113,55,168
"E54000037",2022-04-10,73,27,100
"E54000037",2022-04-11,132,81,213
"E54000037",2022-04-12,166,112,278
"E54000037",2022-04-13,149,109,258
"E54000037",2022-04-14,185,153,338
"E54000037",2022-04-15,167,70,237
"E54000037",2022-04-16,98,65,163
"E54000037",2022-04-17,86,50,136
"E54000037",2022-04-18,92,44,136
"E54000037",2022-04-19,124,90,214
"E54000037",2022-04-20,175,125,300
"E54000037",2022-04-21,178,102,280
"E54000037",2022-04-22,177,132,309
"E54000037",2022-04-23,110,50,160
"E54000037",2022-04-24,86,42,128
"E54000037",2022-04-25,116,92,208
"E54000037",2022-04-26,154,102,256
"E54000037",2022-04-27,187,116,303
"E54000037",2022-04-28,154,81,235
"E54000037",2022-04-29,214,126,340
"E54000037",2022-04-30,162,73,235
"E54000038",2022-04-01,86,19,105
"E54000038",2022-04-02,42,16,58
"E54000038",2022-04-03,41,6,47
"E54000038",2022-04-04,70,23,93
"E54000038",2022-04-05,98,27,125
"E54000038",2022-04-06,90,32,122
"E54000038",2022-04-07,90,29,119
"E54000038",2022-04-08,112,39,151
"E54000038",2022-04-09,42,17,59
"E54000038",2022-04-10,30,7,37
"E54000038",2022-04-11,78,29,107
"E54000038",2022-04-12,88,33,121
"E54000038",2022-04-13,97,31,128
"E54000038",2022-04-14,87,41,128
"E54000038",2022-04-15,51,20,71
"E54000038",2022-04-16,54,7,61
"E54000038",2022-04-17,27,10,37
"E54000038",2022-04-18,37,7,44
"E54000038",2022-04-19,69,34,103
"E54000038",2022-04-20,88,27,115
"E54000038",2022-04-21,87,25,112
"E54000038",2022-04-22,92,34,126
"E54000038",2022-04-23,53,17,70
"E54000038",2022-04-24,33,13,46
"E54000038",2022-04-25,54,13,67
"E54000038",2022-04-26,70,33,103
"E54000038",2022-04-27,83,37,120
"E54000038",2022-04-28,91,33,124
"E54000038",2022-04-29,102,52,154
"E54000038",2022-04-30,61,12,73
"E54000039",2022-04-01,120,42,162
"E54000039",2022-04-02,125,41,166
"E54000039",2022-04-03,90,11,101
"E54000039",2022-04-04,141,29,170
"E54000039",2022-04-05,142,44,186
"E54000039",2022-04-06,138,47,185
"E54000039",2022-04-07,140,32,172
"E54000039",2022-04-08,143,31,174
"E54000039",2022-04-09,135,27,162
"E54000039",2022-04-10,110,16,126
"E54000039",2022-04-11,106,44,150
"E54000039",2022-04-12,122,39,161
"E54000039",2022-04-13,98,35,133
"E54000039",2022-04-14,137,32,169
"E54000039",2022-04-15,138,27,165
"E54000039",2022-04-16,134,28,162
"E54000039",2022-04-17,103,18,121
"E54000039",2022-04-18,88,17,105
"E54000039",2022-04-19,108,33,141
"E54000039",2022-04-20,97,43,140
"E54000039",2022-04-21,114,32,146
"E54000039",2022-04-22,110,37,147
"E54000039",2022-04-23,124,23,147
"E54000039",2022-04-24,113,8,121
"E54000039",2022-04-25,99,33,132
"E54000039",2022-04-26,116,32,148
"E54000039",2022-04-27,100,45,145
"E54000039",2022-04-28,130,40,170
"E54000039",2022-04-29,112,38,150
"E54000039",2022-04-30,113,33,146
"E54000040",2022-04-01,153,106,259
"E54000040",2022-04-02,101,38,139
"E54000040",2022-04-03,84,32,116
"E54000040",2022-04-04,118,115,233
"E54000040",2022-04-05,162,107,269
"E54000040",2022-04-06,88,64,152
"E54000040",2022-04-07,132,112,244
"E54000040",2022-04-08,164,109,273
"E54000040",2022-04-09,100,49,149
"E54000040",2022-04-10,88,40,128
"E54000040",2022-04-11,111,94,205
"E54000040",2022-04-12,168,114,282
"E54000040",2022-04-13,151,95,246
"E54000040",2022-04-14,170,153,323
"E54000040",2022-04-15,136,49,185
"E54000040",2022-04-16,71,44,115
"E54000040",2022-04-17,75,33,108
"E54000040",2022-04-18,82,34,116
"E54000040",2022-04-19,114,75,189
"E54000040",2022-04-20,82,37,119
"E54000040",2022-04-21,141,103,244
"E54000040",2022-04-22,149,110,259
"E54000040",2022-04-23,114,51,165
"E54000040",2022-04-24,96,25,121
"E54000040",2022-04-25,145,80,225
"E54000040",2022-04-26,169,94,263
"E54000040",2022-04-27,202,84,286
"E54000040",2022-04-28,158,100,258
"E54000040",2022-04-29,176,113,289
"E54000040",2022-04-30,93,56,149
"E54000041",2022-04-01,85,34,119
"E54000041",2022-04-02,61,16,77
"E54000041",2022-04-03,43,13,56
"E54000041",2022-04-04,70,44,114
"E54000041",2022-04-05,97,37,134
"E54000041",2022-04-06,72,46,118
"E54000041",2022-04-07,92,47,139
"E54000041",2022-04-08,82,41,123
"E54000041",2022-04-09,44,23,67
"E54000041",2022-04-10,39,11,50
"E54000041",2022-04-11,75,40,115
"E54000041",2022-04-12,81,50,131
"E54000041",2022-04-13,90,34,124
"E54000041",2022-04-14,97,60,157
"E54000041",2022-04-15,73,36,109
"E54000041",2022-04-16,45,29,74
"E54000041",2022-04-17,39,19,58
"E54000041",2022-04-18,51,14,65
"E54000041",2022-04-19,68,54,122
"E54000041",2022-04-20,95,60,155
"E54000041",2022-04-21,75,62,137
"E54000041",2022-04-22,120,36,156
"E54000041",2022-04-23,70,35,105
"E54000041",2022-04-24,43,17,60
"E54000041",2022-04-25,60,56,116
"E54000041",2022-04-26,53,29,82
"E54000041",2022-04-27,103,36,139
"E54000041",2022-04-28,110,52,162
"E54000041",2022-04-29,104,51,155
"E54000041",2022-04-30,68,39,107
"E54000043",2022-04-01,57,36,93
"E54000043",2022-04-02,35,22,57
"E54000043",2022-04-03,19,12,31
"E54000043",2022-04-04,35,23,58
"E54000043",2022-04-05,43,35,78
"E54000043",2022-04-06,49,31,80
"E54000043",2022-04-07,53,31,84
"E54000043",2022-04-08,44,40,84
"E54000043",2022-04-09,35,18,53
"E54000043",2022-04-10,25,17,42
"E54000043",2022-04-11,35,37,72
"E54000043",2022-04-12,52,30,82
"E54000043",2022-04-13,44,21,65
"E54000043",2022-04-14,41,51,92
"E54000043",2022-04-15,46,19,65
"E54000043",2022-04-16,32,25,57
"E54000043",2022-04-17,32,25,57
"E54000043",2022-04-18,24,7,31
"E54000043",2022-04-19,36,29,65
"E54000043",2022-04-20,35,32,67
"E54000043",2022-04-21,41,30,71
"E54000043",2022-04-22,53,32,85
"E54000043",2022-04-23,73,30,103
"E54000043",2022-04-24,47,18,65
"E54000043",2022-04-25,30,41,71
"E54000043",2022-04-26,45,42,87
"E54000043",2022-04-27,48,37,85
"E54000043",2022-04-28,36,36,72
"E54000043",2022-04-29,59,30,89
"E54000043",2022-04-30,73,30,103
"E54000056",2022-05-01,65,61,126
"E54000056",2022-05-02,71,23,94
"E54000056",2022-05-03,109,80,189
"E54000056",2022-05-04,139,78,217
"E54000056",2022-05-05,138,90,228
"E54000056",2022-05-06,150,114,264
"E54000056",2022-05-07,93,60,153
"E54000056",2022-05-08,83,30,113
"E54000056",2022-05-09,113,98,211
"E54000056",2022-05-10,138,76,214
"E54000056",2022-05-11,160,92,252
"E54000056",2022-05-12,129,97,226
"E54000056",2022-05-13,123,105,228
"E54000056",2022-05-14,84,51,135
"E54000056",2022-05-15,72,32,104
"E54000056",2022-05-16,119,88,207
"E54000056",2022-05-17,158,91,249
"E54000056",2022-05-18,149,68,217
"E54000056",2022-05-19,132,108,240
"E54000056",2022-05-20,147,105,252
"E54000056",2022-05-21,79,46,125
"E54000056",2022-05-22,61,33,94
"E54000056",2022-05-23,105,81,186
"E54000056",2022-05-24,144,104,248
"E54000056",2022-05-25,155,95,250
"E54000056",2022-05-26,153,87,240
"E54000056",2022-05-27,135,94,229
"E54000056",2022-05-28,85,36,121
"E54000056",2022-05-29,75,47,122
"E54000056",2022-05-30,115,102,217
"E54000056",2022-05-31,141,98,239
"E54000022",2022-05-01,106,54,160
"E54000022",2022-05-02,71,34,105
"E54000022",2022-05-03,149,100,249
"E54000022",2022-05-04,167,88,255
"E54000022",2022-05-05,165,105,270
"E54000022",2022-05-06,187,110,297
"E54000022",2022-05-07,126,61,187
"E54000022",2022-05-08,93,45,138
"E54000022",2022-05-09,134,92,226
"E54000022",2022-05-10,179,80,259
"E54000022",2022-05-11,176,81,257
"E54000022",2022-05-12,188,82,270
"E54000022",2022-05-13,215,123,338
"E54000022",2022-05-14,136,60,196
"E54000022",2022-05-15,89,38,127
"E54000022",2022-05-16,153,86,239
"E54000022",2022-05-17,203,91,294
"E54000022",2022-05-18,173,90,263
"E54000022",2022-05-19,175,95,270
"E54000022",2022-05-20,182,112,294
"E54000022",2022-05-21,102,67,169
"E54000022",2022-05-22,94,24,118
"E54000022",2022-05-23,143,70,213
"E54000022",2022-05-24,173,95,268
"E54000022",2022-05-25,204,99,303
"E54000022",2022-05-26,201,76,277
"E54000022",2022-05-27,206,108,314
"E54000022",2022-05-28,96,52,148
"E54000022",2022-05-29,100,33,133
"E54000022",2022-05-30,189,84,273
"E54000022",2022-05-31,172,84,256
"E54000023",2022-05-01,77,37,114
"E54000023",2022-05-02,76,34,110
"E54000023",2022-05-03,123,78,201
"E54000023",2022-05-04,161,82,243
"E54000023",2022-05-05,177,82,259
"E54000023",2022-05-06,161,110,271
"E54000023",2022-05-07,96,60,156
"E54000023",2022-05-08,83,32,115
"E54000023",2022-05-09,104,88,192
"E54000023",2022-05-10,146,96,242
"E54000023",2022-05-11,155,73,228
"E54000023",2022-05-12,158,90,248
"E54000023",2022-05-13,154,92,246
"E54000023",2022-05-14,99,43,142
"E54000023",2022-05-15,89,34,123
"E54000023",2022-05-16,106,81,187
"E54000023",2022-05-17,153,88,241
"E54000023",2022-05-18,154,89,243
"E54000023",2022-05-19,171,94,265
"E54000023",2022-05-20,169,125,294
"E54000023",2022-05-21,93,50,143
"E54000023",2022-05-22,83,32,115
"E54000023",2022-05-23,141,75,216
"E54000023",2022-05-24,155,96,251
"E54000023",2022-05-25,162,96,258
"E54000023",2022-05-26,156,66,222
"E54000023",2022-05-27,153,109,262
"E54000023",2022-05-28,100,40,140
"E54000023",2022-05-29,83,22,105
"E54000023",2022-05-30,132,86,218
"E54000023",2022-05-31,146,101,247
"E54000024",2022-05-01,71,22,93
"E54000024",2022-05-02,56,21,77
"E54000024",2022-05-03,90,42,132
"E54000024",2022-05-04,123,57,180
"E54000024",2022-05-05,125,62,187
"E54000024",2022-05-06,116,63,179
"E54000024",2022-05-07,83,47,130
"E54000024",2022-05-08,54,36,90
"E54000024",2022-05-09,109,61,170
"E54000024",2022-05-10,135,62,197
"E54000024",2022-05-11,124,80,204
"E54000024",2022-05-12,117,68,185
"E54000024",2022-05-13,136,60,196
"E54000024",2022-05-14,46,22,68
"E54000024",2022-05-15,52,27,79
"E54000024",2022-05-16,112,46,158
"E54000024",2022-05-17,145,62,207
"E54000024",2022-05-18,136,64,200
"E54000024",2022-05-19,127,70,197
"E54000024",2022-05-20,148,50,198
"E54000024",2022-05-21,73,46,119
"E54000024",2022-05-22,73,39,112
"E54000024",2022-05-23,105,51,156
"E54000024",2022-05-24,116,58,174
"E54000024",2022-05-25,138,74,212
"E54000024",2022-05-26,111,50,161
"E54000024",2022-05-27,106,84,190
"E54000024",2022-05-28,90,17,107
"E54000024",2022-05-29,58,24,82
"E54000024",2022-05-30,96,57,153
"E54000024",2022-05-31,136,42,178
"E54000025",2022-05-01,71,49,120
"E54000025",2022-05-02,65,44,109
"E54000025",2022-05-03,90,82,172
"E54000025",2022-05-04,119,88,207
"E54000025",2022-05-05,133,93,226
"E54000025",2022-05-06,144,90,234
"E54000025",2022-05-07,83,59,142
"E54000025",2022-05-08,104,39,143
"E54000025",2022-05-09,93,77,170
"E54000025",2022-05-10,106,86,192
"E54000025",2022-05-11,131,69,200
"E54000025",2022-05-12,128,77,205
"E54000025",2022-05-13,146,115,261
"E54000025",2022-05-14,98,78,176
"E54000025",2022-05-15,62,41,103
"E54000025",2022-05-16,106,85,191
"E54000025",2022-05-17,130,82,212
"E54000025",2022-05-18,127,113,240
"E54000025",2022-05-19,120,85,205
"E54000025",2022-05-20,142,119,261
"E54000025",2022-05-21,96,53,149
"E54000025",2022-05-22,73,27,100
"E54000025",2022-05-23,114,85,199
"E54000025",2022-05-24,137,95,232
"E54000025",2022-05-25,133,89,222
"E54000025",2022-05-26,124,89,213
"E54000025",2022-05-27,134,136,270
"E54000025",2022-05-28,112,65,177
"E54000025",2022-05-29,103,35,138
"E54000025",2022-05-30,111,74,185
"E54000025",2022-05-31,125,72,197
"E54000026",2022-05-01,0,0,0
"E54000026",2022-05-02,17,8,25
"E54000026",2022-05-03,32,13,45
"E54000026",2022-05-04,42,16,58
"E54000026",2022-05-05,46,18,64
"E54000026",2022-05-06,0,0,0
"E54000026",2022-05-07,37,16,53
"E54000026",2022-05-08,15,10,25
"E54000026",2022-05-09,36,13,49
"E54000026",2022-05-10,44,16,60
"E54000026",2022-05-11,44,17,61
"E54000026",2022-05-12,32,12,44
"E54000026",2022-05-13,5,0,5
"E54000026",2022-05-14,24,0,24
"E54000026",2022-05-15,15,9,24
"E54000026",2022-05-16,42,15,57
"E54000026",2022-05-17,54,18,72
"E54000026",2022-05-18,46,19,65
"E54000026",2022-05-19,50,18,68
"E54000026",2022-05-20,0,0,0
"E54000026",2022-05-21,0,0,0
"E54000026",2022-05-22,9,7,16
"E54000026",2022-05-23,51,8,59
"E54000026",2022-05-24,47,9,56
"E54000026",2022-05-25,47,9,56
"E54000026",2022-05-26,61,9,70
"E54000026",2022-05-27,0,0,0
"E54000026",2022-05-28,0,0,0
"E54000026",2022-05-29,26,8,34
"E54000026",2022-05-30,38,8,46
"E54000026",2022-05-31,52,7,59
"E54000027",2022-05-01,158,43,201
"E54000027",2022-05-02,144,49,193
"E54000027",2022-05-03,152,99,251
"E54000027",2022-05-04,233,127,360
"E54000027",2022-05-05,203,109,312
"E54000027",2022-05-06,289,127,416
"E54000027",2022-05-07,172,36,208
"E54000027",2022-05-08,128,34,162
"E54000027",2022-05-09,185,95,280
"E54000027",2022-05-10,253,115,368
"E54000027",2022-05-11,272,124,396
"E54000027",2022-05-12,252,115,367
"E54000027",2022-05-13,163,105,268
"E54000027",2022-05-14,133,26,159
"E54000027",2022-05-15,71,30,101
"E54000027",2022-05-16,198,85,283
"E54000027",2022-05-17,240,118,358
"E54000027",2022-05-18,243,106,349
"E54000027",2022-05-19,230,116,346
"E54000027",2022-05-20,266,131,397
"E54000027",2022-05-21,164,52,216
"E54000027",2022-05-22,111,40,151
"E54000027",2022-05-23,137,74,211
"E54000027",2022-05-24,211,112,323
"E54000027",2022-05-25,203,120,323
"E54000027",2022-05-26,203,95,298
"E54000027",2022-05-27,261,154,415
"E54000027",2022-05-28,137,35,172
"E54000027",2022-05-29,119,45,164
"E54000027",2022-05-30,192,93,285
"E54000027",2022-05-31,252,131,383
"E54000028",2022-05-01,72,81,153
"E54000028",2022-05-02,68,75,143
"E54000028",2022-05-03,107,105,212
"E54000028",2022-05-04,126,130,256
"E54000028",2022-05-05,155,135,290
"E54000028",2022-05-06,172,158,330
"E54000028",2022-05-07,108,114,222
"E54000028",2022-05-08,89,96,185
"E54000028",2022-05-09,105,136,241
"E54000028",2022-05-10,158,146,304
"E54000028",2022-05-11,122,141,263
"E54000028",2022-05-12,145,119,264
"E54000028",2022-05-13,175,178,353
"E54000028",2022-05-14,117,112,229
"E54000028",2022-05-15,79,62,141
"E54000028",2022-05-16,113,115,228
"E54000028",2022-05-17,180,126,306
"E54000028",2022-05-18,175,146,321
"E54000028",2022-05-19,144,134,278
"E54000028",2022-05-20,151,171,322
"E54000028",2022-05-21,96,93,189
"E54000028",2022-05-22,79,72,151
"E54000028",2022-05-23,105,130,235
"E54000028",2022-05-24,174,118,292
"E54000028",2022-05-25,158,133,291
"E54000028",2022-05-26,162,158,320
"E54000028",2022-05-27,157,190,347
"E54000028",2022-05-28,108,104,212
"E54000028",2022-05-29,98,61,159
"E54000028",2022-05-30,116,129,245
"E54000028",2022-05-31,180,164,344
"E54000029",2022-05-01,111,50,161
"E54000029",2022-05-02,82,44,126
"E54000029",2022-05-03,129,98,227
"E54000029",2022-05-04,146,120,266
"E54000029",2022-05-05,201,127,328
"E54000029",2022-05-06,210,143,353
"E54000029",2022-05-07,132,52,184
"E54000029",2022-05-08,117,40,157
"E54000029",2022-05-09,117,125,242
"E54000029",2022-05-10,155,116,271
"E54000029",2022-05-11,192,149,341
"E54000029",2022-05-12,181,137,318
"E54000029",2022-05-13,210,153,363
"E54000029",2022-05-14,154,73,227
"E54000029",2022-05-15,105,49,154
"E54000029",2022-05-16,119,114,233
"E54000029",2022-05-17,181,135,316
"E54000029",2022-05-18,178,160,338
"E54000029",2022-05-19,150,111,261
"E54000029",2022-05-20,188,136,324
"E54000029",2022-05-21,143,71,214
"E54000029",2022-05-22,105,40,145
"E54000029",2022-05-23,140,122,262
"E54000029",2022-05-24,147,131,278
"E54000029",2022-05-25,201,133,334
"E54000029",2022-05-26,185,136,321
"E54000029",2022-05-27,252,164,416
"E54000029",2022-05-28,123,73,196
"E54000029",2022-05-29,98,43,141
"E54000029",2022-05-30,134,122,256
"E54000029",2022-05-31,152,124,276
"E54000030",2022-05-01,108,53,161
"E54000030",2022-05-02,143,52,195
"E54000030",2022-05-03,158,114,272
"E54000030",2022-05-04,202,114,316
"E54000030",2022-05-05,214,115,329
"E54000030",2022-05-06,196,100,296
"E54000030",2022-05-07,102,51,153
"E54000030",2022-05-08,85,41,126
"E54000030",2022-05-09,167,114,281
"E54000030",2022-05-10,202,115,317
"E54000030",2022-05-11,192,114,306
"E54000030",2022-05-12,223,122,345
"E54000030",2022-05-13,171,120,291
"E54000030",2022-05-14,132,44,176
"E54000030",2022-05-15,62,30,92
"E54000030",2022-05-16,151,114,265
"E54000030",2022-05-17,214,106,320
"E54000030",2022-05-18,216,114,330
"E54000030",2022-05-19,214,99,313
"E54000030",2022-05-20,172,146,318
"E54000030",2022-05-21,114,74,188
"E54000030",2022-05-22,114,51,165
"E54000030",2022-05-23,160,121,281
"E54000030",2022-05-24,214,113,327
"E54000030",2022-05-25,235,106,341
"E54000030",2022-05-26,216,103,319
"E54000030",2022-05-27,221,128,349
"E54000030",2022-05-28,171,51,222
"E54000030",2022-05-29,106,65,171
"E54000030",2022-05-30,181,113,294
"E54000030",2022-05-31,214,113,327
"E54000031",2022-05-01,110,61,171
"E54000031",2022-05-02,78,53,131
"E54000031",2022-05-03,114,80,194
"E54000031",2022-05-04,190,120,310
"E54000031",2022-05-05,177,64,241
"E54000031",2022-05-06,221,114,335
"E54000031",2022-05-07,116,61,177
"E54000031",2022-05-08,98,57,155
"E54000031",2022-05-09,117,77,194
"E54000031",2022-05-10,207,94,301
"E54000031",2022-05-11,180,122,302
"E54000031",2022-05-12,164,108,272
"E54000031",2022-05-13,229,104,333
"E54000031",2022-05-14,80,52,132
"E54000031",2022-05-15,79,33,112
"E54000031",2022-05-16,139,98,237
"E54000031",2022-05-17,173,82,255
"E54000031",2022-05-18,185,101,286
"E54000031",2022-05-19,190,96,286
"E54000031",2022-05-20,141,72,213
"E54000031",2022-05-21,130,47,177
"E54000031",2022-05-22,81,45,126
"E54000031",2022-05-23,142,73,215
"E54000031",2022-05-24,166,88,254
"E54000031",2022-05-25,190,95,285
"E54000031",2022-05-26,213,107,320
"E54000031",2022-05-27,183,172,355
"E54000031",2022-05-28,180,123,303
"E54000031",2022-05-29,64,38,102
"E54000031",2022-05-30,131,95,226
"E54000031",2022-05-31,156,87,243
"E54000010",2022-05-01,67,21,88
"E54000010",2022-05-02,66,28,94
"E54000010",2022-05-03,63,47,110
"E54000010",2022-05-04,86,66,152
"E54000010",2022-05-05,95,59,154
"E54000010",2022-05-06,104,58,162
"E54000010",2022-05-07,83,37,120
"E54000010",2022-05-08,53,34,87
"E54000010",2022-05-09,91,48,139
"E54000010",2022-05-10,115,69,184
"E54000010",2022-05-11,121,63,184
"E54000010",2022-05-12,121,63,184
"E54000010",2022-05-13,126,48,174
"E54000010",2022-05-14,71,41,112
"E54000010",2022-05-15,51,29,80
"E54000010",2022-05-16,96,102,198
"E54000010",2022-05-17,0,0,0
"E54000010",2022-05-18,111,56,167
"E54000010",2022-05-19,102,58,160
"E54000010",2022-05-20,88,44,132
"E54000010",2022-05-21,70,17,87
"E54000010",2022-05-22,61,27,88
"E54000010",2022-05-23,83,52,135
"E54000010",2022-05-24,116,80,196
"E54000010",2022-05-25,105,58,163
"E54000010",2022-05-26,114,52,166
"E54000010",2022-05-27,108,56,164
"E54000010",2022-05-28,82,31,113
"E54000010",2022-05-29,54,19,73
"E54000010",2022-05-30,88,55,143
"E54000010",2022-05-31,137,72,209
"E54000011",2022-05-01,44,19,63
"E54000011",2022-05-02,37,26,63
"E54000011",2022-05-03,43,48,91
"E54000011",2022-05-04,68,47,115
"E54000011",2022-05-05,65,64,129
"E54000011",2022-05-06,75,65,140
"E54000011",2022-05-07,40,28,68
"E54000011",2022-05-08,44,14,58
"E54000011",2022-05-09,33,62,95
"E54000011",2022-05-10,66,58,124
"E54000011",2022-05-11,61,54,115
"E54000011",2022-05-12,48,39,87
"E54000011",2022-05-13,0,0,0
"E54000011",2022-05-14,43,28,71
"E54000011",2022-05-15,29,21,50
"E54000011",2022-05-16,41,63,104
"E54000011",2022-05-17,58,64,122
"E54000011",2022-05-18,80,60,140
"E54000011",2022-05-19,85,56,141
"E54000011",2022-05-20,69,63,132
"E54000011",2022-05-21,37,27,64
"E54000011",2022-05-22,30,18,48
"E54000011",2022-05-23,56,45,101
"E54000011",2022-05-24,71,45,116
"E54000011",2022-05-25,64,61,125
"E54000011",2022-05-26,70,55,125
"E54000011",2022-05-27,73,84,157
"E54000011",2022-05-28,35,47,82
"E54000011",2022-05-29,30,20,50
"E54000011",2022-05-30,46,63,109
"E54000011",2022-05-31,84,60,144
"E54000058",2022-05-01,117,35,152
"E54000058",2022-05-02,95,41,136
"E54000058",2022-05-03,106,81,187
"E54000058",2022-05-04,166,106,272
"E54000058",2022-05-05,165,111,276
"E54000058",2022-05-06,161,128,289
"E54000058",2022-05-07,56,22,78
"E54000058",2022-05-08,45,7,52
"E54000058",2022-05-09,101,119,220
"E54000058",2022-05-10,132,95,227
"E54000058",2022-05-11,166,109,275
"E54000058",2022-05-12,139,111,250
"E54000058",2022-05-13,149,119,268
"E54000058",2022-05-14,140,59,199
"E54000058",2022-05-15,94,55,149
"E54000058",2022-05-16,133,107,240
"E54000058",2022-05-17,175,157,332
"E54000058",2022-05-18,148,133,281
"E54000058",2022-05-19,145,113,258
"E54000058",2022-05-20,186,150,336
"E54000058",2022-05-21,140,52,192
"E54000058",2022-05-22,114,42,156
"E54000058",2022-05-23,139,102,241
"E54000058",2022-05-24,138,121,259
"E54000058",2022-05-25,153,118,271
"E54000058",2022-05-26,158,112,270
"E54000058",2022-05-27,187,127,314
"E54000058",2022-05-28,155,49,204
"E54000058",2022-05-29,118,37,155
"E54000058",2022-05-30,121,97,218
"E54000058",2022-05-31,146,132,278
"E54000013",2022-05-01,65,42,107
"E54000013",2022-05-02,61,40,101
"E54000013",2022-05-03,70,117,187
"E54000013",2022-05-04,88,90,178
"E54000013",2022-05-05,88,83,171
"E54000013",2022-05-06,73,86,159
"E54000013",2022-05-07,70,42,112
"E54000013",2022-05-08,54,54,108
"E54000013",2022-05-09,67,104,171
"E54000013",2022-05-10,83,86,169
"E54000013",2022-05-11,84,98,182
"E54000013",2022-05-12,93,77,170
"E54000013",2022-05-13,76,100,176
"E54000013",2022-05-14,48,52,100
"E54000013",2022-05-15,48,41,89
"E54000013",2022-05-16,62,88,150
"E54000013",2022-05-17,83,83,166
"E54000013",2022-05-18,97,90,187
"E54000013",2022-05-19,80,0,80
"E54000013",2022-05-20,64,54,118
"E54000013",2022-05-21,44,31,75
"E54000013",2022-05-22,52,41,93
"E54000013",2022-05-23,82,73,155
"E54000013",2022-05-24,98,82,180
"E54000013",2022-05-25,100,87,187
"E54000013",2022-05-26,84,80,164
"E54000013",2022-05-27,72,71,143
"E54000013",2022-05-28,64,44,108
"E54000013",2022-05-29,50,33,83
"E54000013",2022-05-30,104,92,196
"E54000013",2022-05-31,83,92,175
"E54000060",2022-05-01,92,63,155
"E54000060",2022-05-02,82,40,122
"E54000060",2022-05-03,127,119,246
"E54000060",2022-05-04,198,128,326
"E54000060",2022-05-05,194,144,338
"E54000060",2022-05-06,201,132,333
"E54000060",2022-05-07,124,61,185
"E54000060",2022-05-08,86,43,129
"E54000060",2022-05-09,142,115,257
"E54000060",2022-05-10,226,125,351
"E54000060",2022-05-11,188,163,351
"E54000060",2022-05-12,227,132,359
"E54000060",2022-05-13,224,144,368
"E54000060",2022-05-14,127,71,198
"E54000060",2022-05-15,85,56,141
"E54000060",2022-05-16,151,128,279
"E54000060",2022-05-17,178,120,298
"E54000060",2022-05-18,184,133,317
"E54000060",2022-05-19,143,71,214
"E54000060",2022-05-20,215,163,378
"E54000060",2022-05-21,131,68,199
"E54000060",2022-05-22,109,52,161
"E54000060",2022-05-23,161,119,280
"E54000060",2022-05-24,221,132,353
"E54000060",2022-05-25,191,120,311
"E54000060",2022-05-26,190,131,321
"E54000060",2022-05-27,202,155,357
"E54000060",2022-05-28,129,52,181
"E54000060",2022-05-29,102,46,148
"E54000060",2022-05-30,145,133,278
"E54000060",2022-05-31,180,142,322
"E54000015",2022-05-01,86,61,147
"E54000015",2022-05-02,87,51,138
"E54000015",2022-05-03,80,99,179
"E54000015",2022-05-04,128,101,229
"E54000015",2022-05-05,117,80,197
"E54000015",2022-05-06,145,137,282
"E54000015",2022-05-07,111,78,189
"E54000015",2022-05-08,81,46,127
"E54000015",2022-05-09,95,95,190
"E54000015",2022-05-10,139,95,234
"E54000015",2022-05-11,131,104,235
"E54000015",2022-05-12,119,104,223
"E54000015",2022-05-13,143,156,299
"E54000015",2022-05-14,103,81,184
"E54000015",2022-05-15,88,61,149
"E54000015",2022-05-16,109,87,196
"E54000015",2022-05-17,135,101,236
"E54000015",2022-05-18,117,114,231
"E54000015",2022-05-19,133,110,243
"E54000015",2022-05-20,136,143,279
"E54000015",2022-05-21,132,87,219
"E54000015",2022-05-22,88,53,141
"E54000015",2022-05-23,116,101,217
"E54000015",2022-05-24,104,71,175
"E54000015",2022-05-25,142,104,246
"E54000015",2022-05-26,137,108,245
"E54000015",2022-05-27,143,142,285
"E54000015",2022-05-28,121,55,176
"E54000015",2022-05-29,81,48,129
"E54000015",2022-05-30,100,100,200
"E54000015",2022-05-31,130,76,206
"E54000062",2022-05-01,166,80,246
"E54000062",2022-05-02,133,75,208
"E54000062",2022-05-03,184,106,290
"E54000062",2022-05-04,216,147,363
"E54000062",2022-05-05,77,24,101
"E54000062",2022-05-06,189,152,341
"E54000062",2022-05-07,117,83,200
"E54000062",2022-05-08,164,81,245
"E54000062",2022-05-09,197,140,337
"E54000062",2022-05-10,199,154,353
"E54000062",2022-05-11,183,148,331
"E54000062",2022-05-12,196,119,315
"E54000062",2022-05-13,238,128,366
"E54000062",2022-05-14,168,86,254
"E54000062",2022-05-15,136,87,223
"E54000062",2022-05-16,138,100,238
"E54000062",2022-05-17,216,168,384
"E54000062",2022-05-18,228,140,368
"E54000062",2022-05-19,209,132,341
"E54000062",2022-05-20,214,130,344
"E54000062",2022-05-21,154,76,230
"E54000062",2022-05-22,142,87,229
"E54000062",2022-05-23,161,121,282
"E54000062",2022-05-24,213,146,359
"E54000062",2022-05-25,202,143,345
"E54000062",2022-05-26,144,50,194
"E54000062",2022-05-27,205,139,344
"E54000062",2022-05-28,167,82,249
"E54000062",2022-05-29,168,90,258
"E54000062",2022-05-30,143,125,268
"E54000062",2022-05-31,203,128,331
"E54000055",2022-05-01,25,19,44
"E54000055",2022-05-02,14,13,27
"E54000055",2022-05-03,16,20,36
"E54000055",2022-05-04,0,0,0
"E54000055",2022-05-05,18,26,44
"E54000055",2022-05-06,0,0,0
"E54000055",2022-05-07,25,18,43
"E54000055",2022-05-08,15,15,30
"E54000055",2022-05-09,16,28,44
"E54000055",2022-05-10,28,21,49
"E54000055",2022-05-11,21,22,43
"E54000055",2022-05-12,27,29,56
"E54000055",2022-05-13,0,0,0
"E54000055",2022-05-14,0,0,0
"E54000055",2022-05-15,33,7,40
"E54000055",2022-05-16,17,22,39
"E54000055",2022-05-17,32,23,55
"E54000055",2022-05-18,19,27,46
"E54000055",2022-05-19,20,29,49
"E54000055",2022-05-20,22,27,49
"E54000055",2022-05-21,32,25,57
"E54000055",2022-05-22,15,11,26
"E54000055",2022-05-23,17,20,37
"E54000055",2022-05-24,29,26,55
"E54000055",2022-05-25,22,27,49
"E54000055",2022-05-26,21,22,43
"E54000055",2022-05-27,27,42,69
"E54000055",2022-05-28,21,11,32
"E54000055",2022-05-29,25,13,38
"E54000055",2022-05-30,17,18,35
"E54000055",2022-05-31,27,26,53
"E54000018",2022-05-01,63,44,107
"E54000018",2022-05-02,80,47,127
"E54000018",2022-05-03,91,88,179
"E54000018",2022-05-04,120,93,213
"E54000018",2022-05-05,151,75,226
"E54000018",2022-05-06,107,110,217
"E54000018",2022-05-07,91,59,150
"E54000018",2022-05-08,49,53,102
"E54000018",2022-05-09,78,85,163
"E54000018",2022-05-10,122,86,208
"E54000018",2022-05-11,130,86,216
"E54000018",2022-05-12,131,103,234
"E54000018",2022-05-13,119,103,222
"E54000018",2022-05-14,96,46,142
"E54000018",2022-05-15,61,35,96
"E54000018",2022-05-16,109,74,183
"E54000018",2022-05-17,108,80,188
"E54000018",2022-05-18,113,48,161
"E54000018",2022-05-19,59,44,103
"E54000018",2022-05-20,54,27,81
"E54000018",2022-05-21,37,35,72
"E54000018",2022-05-22,31,17,48
"E54000018",2022-05-23,56,35,91
"E54000018",2022-05-24,43,45,88
"E54000018",2022-05-25,58,31,89
"E54000018",2022-05-26,59,44,103
"E54000018",2022-05-27,73,43,116
"E54000018",2022-05-28,44,31,75
"E54000018",2022-05-29,29,15,44
"E54000018",2022-05-30,14,12,26
"E54000018",2022-05-31,123,85,208
"E54000019",2022-05-01,3,1,4
"E54000019",2022-05-02,4,1,5
"E54000019",2022-05-03,7,3,10
"E54000019",2022-05-04,4,4,8
"E54000019",2022-05-05,5,3,8
"E54000019",2022-05-06,9,5,14
"E54000019",2022-05-07,7,1,8
"E54000019",2022-05-08,2,0,2
"E54000019",2022-05-09,6,6,12
"E54000019",2022-05-10,11,4,15
"E54000019",2022-05-11,7,2,9
"E54000019",2022-05-12,6,5,11
"E54000019",2022-05-13,7,8,15
"E54000019",2022-05-14,3,1,4
"E54000019",2022-05-15,3,1,4
"E54000019",2022-05-16,7,4,11
"E54000019",2022-05-17,14,3,17
"E54000019",2022-05-18,13,2,15
"E54000019",2022-05-19,11,3,14
"E54000019",2022-05-20,3,0,3
"E54000019",2022-05-21,6,2,8
"E54000019",2022-05-22,3,0,3
"E54000019",2022-05-23,3,4,7
"E54000019",2022-05-24,10,3,13
"E54000019",2022-05-25,6,2,8
"E54000019",2022-05-26,6,2,8
"E54000019",2022-05-27,2,2,4
"E54000019",2022-05-28,2,0,2
"E54000019",2022-05-29,1,0,1
"E54000019",2022-05-30,4,6,10
"E54000019",2022-05-31,12,3,15
"E54000059",2022-05-01,66,50,116
"E54000059",2022-05-02,44,20,64
"E54000059",2022-05-03,64,66,130
"E54000059",2022-05-04,87,46,133
"E54000059",2022-05-05,88,49,137
"E54000059",2022-05-06,76,77,153
"E54000059",2022-05-07,64,46,110
"E54000059",2022-05-08,45,37,82
"E54000059",2022-05-09,72,59,131
"E54000059",2022-05-10,79,47,126
"E54000059",2022-05-11,78,71,149
"E54000059",2022-05-12,80,57,137
"E54000059",2022-05-13,81,69,150
"E54000059",2022-05-14,74,34,108
"E54000059",2022-05-15,53,26,79
"E54000059",2022-05-16,53,45,98
"E54000059",2022-05-17,92,48,140
"E54000059",2022-05-18,96,64,160
"E54000059",2022-05-19,74,64,138
"E54000059",2022-05-20,67,68,135
"E54000059",2022-05-21,70,41,111
"E54000059",2022-05-22,54,31,85
"E54000059",2022-05-23,53,42,95
"E54000059",2022-05-24,83,51,134
"E54000059",2022-05-25,73,56,129
"E54000059",2022-05-26,85,85,170
"E54000059",2022-05-27,86,87,173
"E54000059",2022-05-28,63,64,127
"E54000059",2022-05-29,44,36,80
"E54000059",2022-05-30,60,49,109
"E54000059",2022-05-31,74,63,137
"E54000061",2022-05-01,123,77,200
"E54000061",2022-05-02,152,77,229
"E54000061",2022-05-03,172,163,335
"E54000061",2022-05-04,186,179,365
"E54000061",2022-05-05,253,171,424
"E54000061",2022-05-06,263,213,476
"E54000061",2022-05-07,234,93,327
"E54000061",2022-05-08,128,66,194
"E54000061",2022-05-09,187,199,386
"E54000061",2022-05-10,216,172,388
"E54000061",2022-05-11,238,184,422
"E54000061",2022-05-12,190,208,398
"E54000061",2022-05-13,250,192,442
"E54000061",2022-05-14,234,117,351
"E54000061",2022-05-15,159,87,246
"E54000061",2022-05-16,198,198,396
"E54000061",2022-05-17,226,174,400
"E54000061",2022-05-18,235,217,452
"E54000061",2022-05-19,234,200,434
"E54000061",2022-05-20,258,195,453
"E54000061",2022-05-21,237,96,333
"E54000061",2022-05-22,130,59,189
"E54000061",2022-05-23,200,172,372
"E54000061",2022-05-24,221,203,424
"E54000061",2022-05-25,219,186,405
"E54000061",2022-05-26,206,197,403
"E54000061",2022-05-27,245,247,492
"E54000061",2022-05-28,215,112,327
"E54000061",2022-05-29,148,80,228
"E54000061",2022-05-30,176,181,357
"E54000061",2022-05-31,176,237,413
"E54000050",2022-05-01,271,181,452
"E54000050",2022-05-02,270,191,461
"E54000050",2022-05-03,267,327,594
"E54000050",2022-05-04,418,325,743
"E54000050",2022-05-05,448,349,797
"E54000050",2022-05-06,450,363,813
"E54000050",2022-05-07,309,236,545
"E54000050",2022-05-08,257,160,417
"E54000050",2022-05-09,319,323,642
"E54000050",2022-05-10,383,322,705
"E54000050",2022-05-11,450,350,800
"E54000050",2022-05-12,429,330,759
"E54000050",2022-05-13,404,316,720
"E54000050",2022-05-14,313,202,515
"E54000050",2022-05-15,264,196,460
"E54000050",2022-05-16,313,302,615
"E54000050",2022-05-17,410,392,802
"E54000050",2022-05-18,448,330,778
"E54000050",2022-05-19,480,326,806
"E54000050",2022-05-20,424,356,780
"E54000050",2022-05-21,320,220,540
"E54000050",2022-05-22,275,179,454
"E54000050",2022-05-23,326,324,650
"E54000050",2022-05-24,416,331,747
"E54000050",2022-05-25,454,356,810
"E54000050",2022-05-26,432,322,754
"E54000050",2022-05-27,385,317,702
"E54000050",2022-05-28,294,256,550
"E54000050",2022-05-29,273,202,475
"E54000050",2022-05-30,329,320,649
"E54000050",2022-05-31,413,385,798
"E54000051",2022-05-01,106,71,177
"E54000051",2022-05-02,85,63,148
"E54000051",2022-05-03,119,119,238
"E54000051",2022-05-04,174,135,309
"E54000051",2022-05-05,201,117,318
"E54000051",2022-05-06,209,160,369
"E54000051",2022-05-07,126,85,211
"E54000051",2022-05-08,109,63,172
"E54000051",2022-05-09,139,133,272
"E54000051",2022-05-10,210,153,363
"E54000051",2022-05-11,198,132,330
"E54000051",2022-05-12,199,143,342
"E54000051",2022-05-13,208,164,372
"E54000051",2022-05-14,110,66,176
"E54000051",2022-05-15,95,72,167
"E54000051",2022-05-16,163,123,286
"E54000051",2022-05-17,184,132,316
"E54000051",2022-05-18,198,137,335
"E54000051",2022-05-19,185,144,329
"E54000051",2022-05-20,207,176,383
"E54000051",2022-05-21,102,79,181
"E54000051",2022-05-22,103,60,163
"E54000051",2022-05-23,164,144,308
"E54000051",2022-05-24,178,135,313
"E54000051",2022-05-25,198,139,337
"E54000051",2022-05-26,217,146,363
"E54000051",2022-05-27,209,137,346
"E54000051",2022-05-28,105,80,185
"E54000051",2022-05-29,89,61,150
"E54000051",2022-05-30,144,134,278
"E54000051",2022-05-31,252,206,458
"E54000054",2022-05-01,189,140,329
"E54000054",2022-05-02,208,126,334
"E54000054",2022-05-03,274,199,473
"E54000054",2022-05-04,331,233,564
"E54000054",2022-05-05,361,271,632
"E54000054",2022-05-06,353,253,606
"E54000054",2022-05-07,218,103,321
"E54000054",2022-05-08,224,115,339
"E54000054",2022-05-09,268,209,477
"E54000054",2022-05-10,330,231,561
"E54000054",2022-05-11,328,201,529
"E54000054",2022-05-12,297,212,509
"E54000054",2022-05-13,339,254,593
"E54000054",2022-05-14,236,108,344
"E54000054",2022-05-15,227,112,339
"E54000054",2022-05-16,271,201,472
"E54000054",2022-05-17,355,230,585
"E54000054",2022-05-18,314,176,490
"E54000054",2022-05-19,345,218,563
"E54000054",2022-05-20,404,250,654
"E54000054",2022-05-21,189,116,305
"E54000054",2022-05-22,199,95,294
"E54000054",2022-05-23,260,232,492
"E54000054",2022-05-24,340,212,552
"E54000054",2022-05-25,393,226,619
"E54000054",2022-05-26,340,234,574
"E54000054",2022-05-27,380,218,598
"E54000054",2022-05-28,232,142,374
"E54000054",2022-05-29,208,109,317
"E54000054",2022-05-30,260,216,476
"E54000054",2022-05-31,355,233,588
"E54000057",2022-05-01,286,151,437
"E54000057",2022-05-02,345,128,473
"E54000057",2022-05-03,269,104,373
"E54000057",2022-05-04,350,109,459
"E54000057",2022-05-05,376,123,499
"E54000057",2022-05-06,419,195,614
"E54000057",2022-05-07,236,58,294
"E54000057",2022-05-08,239,72,311
"E54000057",2022-05-09,339,94,433
"E54000057",2022-05-10,388,116,504
"E54000057",2022-05-11,386,112,498
"E54000057",2022-05-12,445,137,582
"E54000057",2022-05-13,419,166,585
"E54000057",2022-05-14,339,98,437
"E54000057",2022-05-15,199,51,250
"E54000057",2022-05-16,284,138,422
"E54000057",2022-05-17,394,150,544
"E54000057",2022-05-18,367,124,491
"E54000057",2022-05-19,414,131,545
"E54000057",2022-05-20,339,144,483
"E54000057",2022-05-21,255,81,336
"E54000057",2022-05-22,186,45,231
"E54000057",2022-05-23,311,77,388
"E54000057",2022-05-24,336,132,468
"E54000057",2022-05-25,322,109,431
"E54000057",2022-05-26,233,98,331
"E54000057",2022-05-27,260,114,374
"E54000057",2022-05-28,225,81,306
"E54000057",2022-05-29,158,48,206
"E54000057",2022-05-30,261,125,386
"E54000057",2022-05-31,388,129,517
"E54000008",2022-05-01,136,84,220
"E54000008",2022-05-02,139,96,235
"E54000008",2022-05-03,190,167,357
"E54000008",2022-05-04,228,178,406
"E54000008",2022-05-05,267,194,461
"E54000008",2022-05-06,245,214,459
"E54000008",2022-05-07,155,63,218
"E54000008",2022-05-08,103,47,150
"E54000008",2022-05-09,204,177,381
"E54000008",2022-05-10,244,165,409
"E54000008",2022-05-11,267,195,462
"E54000008",2022-05-12,228,176,404
"E54000008",2022-05-13,274,207,481
"E54000008",2022-05-14,136,55,191
"E54000008",2022-05-15,100,53,153
"E54000008",2022-05-16,234,190,424
"E54000008",2022-05-17,267,163,430
"E54000008",2022-05-18,243,181,424
"E54000008",2022-05-19,250,169,419
"E54000008",2022-05-20,272,210,482
"E54000008",2022-05-21,152,87,239
"E54000008",2022-05-22,144,73,217
"E54000008",2022-05-23,233,189,422
"E54000008",2022-05-24,275,187,462
"E54000008",2022-05-25,267,164,431
"E54000008",2022-05-26,274,166,440
"E54000008",2022-05-27,301,228,529
"E54000008",2022-05-28,155,83,238
"E54000008",2022-05-29,154,73,227
"E54000008",2022-05-30,238,152,390
"E54000008",2022-05-31,265,174,439
"E54000048",2022-05-01,91,58,149
"E54000048",2022-05-02,93,68,161
"E54000048",2022-05-03,123,124,247
"E54000048",2022-05-04,171,163,334
"E54000048",2022-05-05,105,77,182
"E54000048",2022-05-06,179,169,348
"E54000048",2022-05-07,121,72,193
"E54000048",2022-05-08,76,41,117
"E54000048",2022-05-09,138,126,264
"E54000048",2022-05-10,157,113,270
"E54000048",2022-05-11,160,153,313
"E54000048",2022-05-12,168,112,280
"E54000048",2022-05-13,177,161,338
"E54000048",2022-05-14,140,80,220
"E54000048",2022-05-15,81,44,125
"E54000048",2022-05-16,79,62,141
"E54000048",2022-05-17,205,141,346
"E54000048",2022-05-18,205,154,359
"E54000048",2022-05-19,187,128,315
"E54000048",2022-05-20,169,157,326
"E54000048",2022-05-21,116,80,196
"E54000048",2022-05-22,87,38,125
"E54000048",2022-05-23,142,128,270
"E54000048",2022-05-24,167,119,286
"E54000048",2022-05-25,193,139,332
"E54000048",2022-05-26,195,122,317
"E54000048",2022-05-27,173,118,291
"E54000048",2022-05-28,115,56,171
"E54000048",2022-05-29,103,50,153
"E54000048",2022-05-30,132,138,270
"E54000048",2022-05-31,204,130,334
"E54000032",2022-05-01,188,81,269
"E54000032",2022-05-02,122,64,186
"E54000032",2022-05-03,136,114,250
"E54000032",2022-05-04,191,135,326
"E54000032",2022-05-05,191,124,315
"E54000032",2022-05-06,191,144,335
"E54000032",2022-05-07,163,83,246
"E54000032",2022-05-08,95,44,139
"E54000032",2022-05-09,143,117,260
"E54000032",2022-05-10,176,118,294
"E54000032",2022-05-11,217,146,363
"E54000032",2022-05-12,202,124,326
"E54000032",2022-05-13,217,129,346
"E54000032",2022-05-14,144,86,230
"E54000032",2022-05-15,114,36,150
"E54000032",2022-05-16,137,94,231
"E54000032",2022-05-17,205,126,331
"E54000032",2022-05-18,218,143,361
"E54000032",2022-05-19,188,135,323
"E54000032",2022-05-20,227,134,361
"E54000032",2022-05-21,176,84,260
"E54000032",2022-05-22,95,55,150
"E54000032",2022-05-23,144,115,259
"E54000032",2022-05-24,176,146,322
"E54000032",2022-05-25,199,114,313
"E54000032",2022-05-26,178,121,299
"E54000032",2022-05-27,213,142,355
"E54000032",2022-05-28,161,84,245
"E54000032",2022-05-29,118,68,186
"E54000032",2022-05-30,156,104,260
"E54000032",2022-05-31,184,116,300
"E54000034",2022-05-01,0,0,0
"E54000034",2022-05-02,0,0,0
"E54000034",2022-05-03,0,0,0
"E54000034",2022-05-04,0,0,0
"E54000034",2022-05-05,0,0,0
"E54000034",2022-05-06,0,0,0
"E54000034",2022-05-07,0,0,0
"E54000034",2022-05-08,0,0,0
"E54000034",2022-05-09,0,0,0
"E54000034",2022-05-10,0,0,0
"E54000034",2022-05-11,0,0,0
"E54000034",2022-05-12,0,0,0
"E54000034",2022-05-13,0,0,0
"E54000034",2022-05-14,0,0,0
"E54000034",2022-05-15,0,0,0
"E54000034",2022-05-16,0,0,0
"E54000034",2022-05-17,0,0,0
"E54000034",2022-05-18,0,0,0
"E54000034",2022-05-19,0,0,0
"E54000034",2022-05-20,0,0,0
"E54000034",2022-05-21,0,0,0
"E54000034",2022-05-22,0,0,0
"E54000034",2022-05-23,0,0,0
"E54000034",2022-05-24,0,0,0
"E54000034",2022-05-25,0,0,0
"E54000034",2022-05-26,0,0,0
"E54000034",2022-05-27,0,0,0
"E54000034",2022-05-28,0,0,0
"E54000034",2022-05-29,0,0,0
"E54000034",2022-05-30,0,0,0
"E54000034",2022-05-31,0,0,0
"E54000042",2022-05-01,66,32,98
"E54000042",2022-05-02,65,31,96
"E54000042",2022-05-03,130,86,216
"E54000042",2022-05-04,131,127,258
"E54000042",2022-05-05,159,124,283
"E54000042",2022-05-06,163,137,300
"E54000042",2022-05-07,87,46,133
"E54000042",2022-05-08,78,36,114
"E54000042",2022-05-09,107,102,209
"E54000042",2022-05-10,178,96,274
"E54000042",2022-05-11,167,89,256
"E54000042",2022-05-12,162,82,244
"E54000042",2022-05-13,172,118,290
"E54000042",2022-05-14,92,35,127
"E54000042",2022-05-15,75,32,107
"E54000042",2022-05-16,102,97,199
"E54000042",2022-05-17,167,101,268
"E54000042",2022-05-18,164,122,286
"E54000042",2022-05-19,150,136,286
"E54000042",2022-05-20,164,107,271
"E54000042",2022-05-21,71,42,113
"E54000042",2022-05-22,55,36,91
"E54000042",2022-05-23,109,94,203
"E54000042",2022-05-24,170,106,276
"E54000042",2022-05-25,169,113,282
"E54000042",2022-05-26,156,115,271
"E54000042",2022-05-27,170,112,282
"E54000042",2022-05-28,109,50,159
"E54000042",2022-05-29,81,27,108
"E54000042",2022-05-30,134,99,233
"E54000042",2022-05-31,157,91,248
"E54000044",2022-05-01,119,57,176
"E54000044",2022-05-02,136,58,194
"E54000044",2022-05-03,146,121,267
"E54000044",2022-05-04,225,125,350
"E54000044",2022-05-05,152,73,225
"E54000044",2022-05-06,234,160,394
"E54000044",2022-05-07,154,87,241
"E54000044",2022-05-08,121,56,177
"E54000044",2022-05-09,149,115,264
"E54000044",2022-05-10,204,146,350
"E54000044",2022-05-11,189,141,330
"E54000044",2022-05-12,238,128,366
"E54000044",2022-05-13,217,148,365
"E54000044",2022-05-14,98,44,142
"E54000044",2022-05-15,98,45,143
"E54000044",2022-05-16,190,112,302
"E54000044",2022-05-17,239,105,344
"E54000044",2022-05-18,199,123,322
"E54000044",2022-05-19,178,120,298
"E54000044",2022-05-20,211,143,354
"E54000044",2022-05-21,139,68,207
"E54000044",2022-05-22,109,44,153
"E54000044",2022-05-23,182,136,318
"E54000044",2022-05-24,193,141,334
"E54000044",2022-05-25,225,123,348
"E54000044",2022-05-26,181,125,306
"E54000044",2022-05-27,226,132,358
"E54000044",2022-05-28,153,74,227
"E54000044",2022-05-29,114,35,149
"E54000044",2022-05-30,161,142,303
"E54000044",2022-05-31,210,127,337
"E54000052",2022-05-01,68,38,106
"E54000052",2022-05-02,68,24,92
"E54000052",2022-05-03,119,74,193
"E54000052",2022-05-04,114,83,197
"E54000052",2022-05-05,137,64,201
"E54000052",2022-05-06,153,105,258
"E54000052",2022-05-07,110,52,162
"E54000052",2022-05-08,63,47,110
"E54000052",2022-05-09,128,67,195
"E54000052",2022-05-10,132,65,197
"E54000052",2022-05-11,142,89,231
"E54000052",2022-05-12,132,49,181
"E54000052",2022-05-13,55,42,97
"E54000052",2022-05-14,31,25,56
"E54000052",2022-05-15,25,11,36
"E54000052",2022-05-16,36,36,72
"E54000052",2022-05-17,51,28,79
"E54000052",2022-05-18,58,46,104
"E54000052",2022-05-19,93,64,157
"E54000052",2022-05-20,92,82,174
"E54000052",2022-05-21,65,37,102
"E54000052",2022-05-22,56,25,81
"E54000052",2022-05-23,67,43,110
"E54000052",2022-05-24,90,56,146
"E54000052",2022-05-25,100,63,163
"E54000052",2022-05-26,88,60,148
"E54000052",2022-05-27,85,97,182
"E54000052",2022-05-28,65,39,104
"E54000052",2022-05-29,46,37,83
"E54000052",2022-05-30,97,70,167
"E54000052",2022-05-31,91,84,175
"E54000053",2022-05-01,133,55,188
"E54000053",2022-05-02,151,45,196
"E54000053",2022-05-03,204,122,326
"E54000053",2022-05-04,257,146,403
"E54000053",2022-05-05,267,134,401
"E54000053",2022-05-06,281,183,464
"E54000053",2022-05-07,176,62,238
"E54000053",2022-05-08,101,43,144
"E54000053",2022-05-09,243,124,367
"E54000053",2022-05-10,250,139,389
"E54000053",2022-05-11,274,155,429
"E54000053",2022-05-12,267,159,426
"E54000053",2022-05-13,280,180,460
"E54000053",2022-05-14,162,71,233
"E54000053",2022-05-15,112,43,155
"E54000053",2022-05-16,227,142,369
"E54000053",2022-05-17,277,143,420
"E54000053",2022-05-18,292,131,423
"E54000053",2022-05-19,257,118,375
"E54000053",2022-05-20,317,178,495
"E54000053",2022-05-21,190,69,259
"E54000053",2022-05-22,136,40,176
"E54000053",2022-05-23,190,159,349
"E54000053",2022-05-24,265,144,409
"E54000053",2022-05-25,297,147,444
"E54000053",2022-05-26,264,159,423
"E54000053",2022-05-27,296,159,455
"E54000053",2022-05-28,168,82,250
"E54000053",2022-05-29,108,39,147
"E54000053",2022-05-30,233,161,394
"E54000053",2022-05-31,283,169,452
"E54000036",2022-05-01,34,13,47
"E54000036",2022-05-02,18,17,35
"E54000036",2022-05-03,49,36,85
"E54000036",2022-05-04,52,33,85
"E54000036",2022-05-05,57,49,106
"E54000036",2022-05-06,49,38,87
"E54000036",2022-05-07,33,25,58
"E54000036",2022-05-08,26,14,40
"E54000036",2022-05-09,42,38,80
"E54000036",2022-05-10,37,47,84
"E54000036",2022-05-11,47,38,85
"E54000036",2022-05-12,47,33,80
"E54000036",2022-05-13,58,45,103
"E54000036",2022-05-14,42,38,80
"E54000036",2022-05-15,16,8,24
"E54000036",2022-05-16,39,44,83
"E54000036",2022-05-17,57,22,79
"E54000036",2022-05-18,44,32,76
"E54000036",2022-05-19,47,25,72
"E54000036",2022-05-20,65,53,118
"E54000036",2022-05-21,37,19,56
"E54000036",2022-05-22,26,12,38
"E54000036",2022-05-23,42,32,74
"E54000036",2022-05-24,43,42,85
"E54000036",2022-05-25,43,42,85
"E54000036",2022-05-26,41,29,70
"E54000036",2022-05-27,58,37,95
"E54000036",2022-05-28,38,29,67
"E54000036",2022-05-29,21,20,41
"E54000036",2022-05-30,32,27,59
"E54000036",2022-05-31,44,37,81
"E54000037",2022-05-01,110,62,172
"E54000037",2022-05-02,88,46,134
"E54000037",2022-05-03,128,106,234
"E54000037",2022-05-04,114,71,185
"E54000037",2022-05-05,184,115,299
"E54000037",2022-05-06,195,117,312
"E54000037",2022-05-07,140,68,208
"E54000037",2022-05-08,78,62,140
"E54000037",2022-05-09,149,138,287
"E54000037",2022-05-10,174,95,269
"E54000037",2022-05-11,166,100,266
"E54000037",2022-05-12,183,109,292
"E54000037",2022-05-13,208,126,334
"E54000037",2022-05-14,142,83,225
"E54000037",2022-05-15,102,30,132
"E54000037",2022-05-16,136,105,241
"E54000037",2022-05-17,187,148,335
"E54000037",2022-05-18,186,107,293
"E54000037",2022-05-19,185,108,293
"E54000037",2022-05-20,198,146,344
"E54000037",2022-05-21,86,53,139
"E54000037",2022-05-22,94,161,255
"E54000037",2022-05-23,153,122,275
"E54000037",2022-05-24,196,123,319
"E54000037",2022-05-25,193,136,329
"E54000037",2022-05-26,188,118,306
"E54000037",2022-05-27,228,141,369
"E54000037",2022-05-28,121,75,196
"E54000037",2022-05-29,79,38,117
"E54000037",2022-05-30,146,119,265
"E54000037",2022-05-31,193,127,320
"E54000038",2022-05-01,54,11,65
"E54000038",2022-05-02,42,9,51
"E54000038",2022-05-03,79,30,109
"E54000038",2022-05-04,109,34,143
"E54000038",2022-05-05,79,12,91
"E54000038",2022-05-06,91,33,124
"E54000038",2022-05-07,69,16,85
"E54000038",2022-05-08,35,10,45
"E54000038",2022-05-09,88,32,120
"E54000038",2022-05-10,112,28,140
"E54000038",2022-05-11,104,31,135
"E54000038",2022-05-12,104,30,134
"E54000038",2022-05-13,99,49,148
"E54000038",2022-05-14,62,11,73
"E54000038",2022-05-15,44,11,55
"E54000038",2022-05-16,71,32,103
"E54000038",2022-05-17,85,36,121
"E54000038",2022-05-18,88,33,121
"E54000038",2022-05-19,79,38,117
"E54000038",2022-05-20,94,46,140
"E54000038",2022-05-21,49,18,67
"E54000038",2022-05-22,36,9,45
"E54000038",2022-05-23,99,32,131
"E54000038",2022-05-24,91,43,134
"E54000038",2022-05-25,97,38,135
"E54000038",2022-05-26,90,45,135
"E54000038",2022-05-27,109,52,161
"E54000038",2022-05-28,55,23,78
"E54000038",2022-05-29,52,8,60
"E54000038",2022-05-30,87,29,116
"E54000038",2022-05-31,106,36,142
"E54000039",2022-05-01,115,33,148
"E54000039",2022-05-02,91,18,109
"E54000039",2022-05-03,96,40,136
"E54000039",2022-05-04,134,35,169
"E54000039",2022-05-05,123,42,165
"E54000039",2022-05-06,130,42,172
"E54000039",2022-05-07,124,34,158
"E54000039",2022-05-08,93,22,115
"E54000039",2022-05-09,114,36,150
"E54000039",2022-05-10,120,39,159
"E54000039",2022-05-11,134,40,174
"E54000039",2022-05-12,134,37,171
"E54000039",2022-05-13,112,26,138
"E54000039",2022-05-14,109,26,135
"E54000039",2022-05-15,85,15,100
"E54000039",2022-05-16,105,24,129
"E54000039",2022-05-17,120,34,154
"E54000039",2022-05-18,117,50,167
"E54000039",2022-05-19,107,46,153
"E54000039",2022-05-20,117,41,158
"E54000039",2022-05-21,114,37,151
"E54000039",2022-05-22,104,14,118
"E54000039",2022-05-23,99,43,142
"E54000039",2022-05-24,107,33,140
"E54000039",2022-05-25,125,34,159
"E54000039",2022-05-26,116,40,156
"E54000039",2022-05-27,108,49,157
"E54000039",2022-05-28,122,39,161
"E54000039",2022-05-29,98,23,121
"E54000039",2022-05-30,127,32,159
"E54000039",2022-05-31,149,37,186
"E54000040",2022-05-01,75,54,129
"E54000040",2022-05-02,82,42,124
"E54000040",2022-05-03,135,92,227
"E54000040",2022-05-04,157,111,268
"E54000040",2022-05-05,128,117,245
"E54000040",2022-05-06,151,131,282
"E54000040",2022-05-07,106,49,155
"E54000040",2022-05-08,77,54,131
"E54000040",2022-05-09,142,105,247
"E54000040",2022-05-10,152,108,260
"E54000040",2022-05-11,171,91,262
"E54000040",2022-05-12,172,110,282
"E54000040",2022-05-13,206,116,322
"E54000040",2022-05-14,110,57,167
"E54000040",2022-05-15,84,37,121
"E54000040",2022-05-16,142,126,268
"E54000040",2022-05-17,178,94,272
"E54000040",2022-05-18,170,90,260
"E54000040",2022-05-19,94,67,161
"E54000040",2022-05-20,159,111,270
"E54000040",2022-05-21,99,56,155
"E54000040",2022-05-22,100,29,129
"E54000040",2022-05-23,127,112,239
"E54000040",2022-05-24,179,101,280
"E54000040",2022-05-25,177,92,269
"E54000040",2022-05-26,148,96,244
"E54000040",2022-05-27,157,103,260
"E54000040",2022-05-28,63,31,94
"E54000040",2022-05-29,88,51,139
"E54000040",2022-05-30,165,102,267
"E54000040",2022-05-31,78,54,132
"E54000041",2022-05-01,56,12,68
"E54000041",2022-05-02,44,14,58
"E54000041",2022-05-03,65,34,99
"E54000041",2022-05-04,81,44,125
"E54000041",2022-05-05,83,55,138
"E54000041",2022-05-06,96,65,161
"E54000041",2022-05-07,86,43,129
"E54000041",2022-05-08,50,14,64
"E54000041",2022-05-09,67,52,119
"E54000041",2022-05-10,110,37,147
"E54000041",2022-05-11,103,36,139
"E54000041",2022-05-12,113,48,161
"E54000041",2022-05-13,104,55,159
"E54000041",2022-05-14,67,34,101
"E54000041",2022-05-15,38,24,62
"E54000041",2022-05-16,72,50,122
"E54000041",2022-05-17,111,78,189
"E54000041",2022-05-18,94,39,133
"E54000041",2022-05-19,106,52,158
"E54000041",2022-05-20,109,50,159
"E54000041",2022-05-21,69,32,101
"E54000041",2022-05-22,44,11,55
"E54000041",2022-05-23,78,61,139
"E54000041",2022-05-24,103,71,174
"E54000041",2022-05-25,78,45,123
"E54000041",2022-05-26,72,39,111
"E54000041",2022-05-27,112,51,163
"E54000041",2022-05-28,68,25,93
"E54000041",2022-05-29,41,22,63
"E54000041",2022-05-30,79,53,132
"E54000041",2022-05-31,104,56,160
"E54000043",2022-05-01,47,18,65
"E54000043",2022-05-02,30,41,71
"E54000043",2022-05-03,26,36,62
"E54000043",2022-05-04,41,31,72
"E54000043",2022-05-05,54,44,98
"E54000043",2022-05-06,53,35,88
"E54000043",2022-05-07,45,19,64
"E54000043",2022-05-08,26,12,38
"E54000043",2022-05-09,53,33,86
"E54000043",2022-05-10,29,25,54
"E54000043",2022-05-11,65,43,108
"E54000043",2022-05-12,41,44,85
"E54000043",2022-05-13,48,35,83
"E54000043",2022-05-14,45,18,63
"E54000043",2022-05-15,37,19,56
"E54000043",2022-05-16,38,38,76
"E54000043",2022-05-17,32,22,54
"E54000043",2022-05-18,52,33,85
"E54000043",2022-05-19,34,41,75
"E54000043",2022-05-20,46,40,86
"E54000043",2022-05-21,36,23,59
"E54000043",2022-05-22,29,12,41
"E54000043",2022-05-23,43,25,68
"E54000043",2022-05-24,48,27,75
"E54000043",2022-05-25,60,35,95
"E54000043",2022-05-26,51,31,82
"E54000043",2022-05-27,37,44,81
"E54000043",2022-05-28,36,23,59
"E54000043",2022-05-29,37,18,55
"E54000043",2022-05-30,45,30,75
"E54000043",2022-05-31,49,29,78
"E54000056",2022-06-01,165,129,294
"E54000056",2022-06-02,137,72,209
"E54000056",2022-06-03,101,54,155
"E54000056",2022-06-04,69,33,102
"E54000056",2022-06-05,73,46,119
"E54000056",2022-06-06,85,87,172
"E54000056",2022-06-07,128,112,240
"E54000056",2022-06-08,147,87,234
"E54000056",2022-06-09,147,88,235
"E54000056",2022-06-10,129,108,237
"E54000056",2022-06-11,82,57,139
"E54000056",2022-06-12,78,32,110
"E54000056",2022-06-13,109,103,212
"E54000056",2022-06-14,155,89,244
"E54000056",2022-06-15,128,87,215
"E54000056",2022-06-16,173,102,275
"E54000056",2022-06-17,117,111,228
"E54000056",2022-06-18,96,65,161
"E54000056",2022-06-19,0,0,0
"E54000056",2022-06-20,54,64,118
"E54000056",2022-06-21,131,110,241
"E54000056",2022-06-22,136,108,244
"E54000056",2022-06-23,130,84,214
"E54000056",2022-06-24,141,116,257
"E54000056",2022-06-25,97,86,183
"E54000056",2022-06-26,69,57,126
"E54000056",2022-06-27,79,67,146
"E54000056",2022-06-28,108,118,226
"E54000056",2022-06-29,130,70,200
"E54000056",2022-06-30,117,97,214
"E54000022",2022-06-01,198,102,300
"E54000022",2022-06-02,120,54,174
"E54000022",2022-06-03,131,56,187
"E54000022",2022-06-04,84,39,123
"E54000022",2022-06-05,85,29,114
"E54000022",2022-06-06,137,73,210
"E54000022",2022-06-07,190,112,302
"E54000022",2022-06-08,189,105,294
"E54000022",2022-06-09,174,114,288
"E54000022",2022-06-10,181,95,276
"E54000022",2022-06-11,118,43,161
"E54000022",2022-06-12,96,27,123
"E54000022",2022-06-13,162,106,268
"E54000022",2022-06-14,185,110,295
"E54000022",2022-06-15,171,102,273
"E54000022",2022-06-16,180,76,256
"E54000022",2022-06-17,223,97,320
"E54000022",2022-06-18,115,54,169
"E54000022",2022-06-19,0,0,0
"E54000022",2022-06-20,105,75,180
"E54000022",2022-06-21,184,113,297
"E54000022",2022-06-22,164,111,275
"E54000022",2022-06-23,175,106,281
"E54000022",2022-06-24,112,120,232
"E54000022",2022-06-25,155,74,229
"E54000022",2022-06-26,105,40,145
"E54000022",2022-06-27,108,73,181
"E54000022",2022-06-28,176,98,274
"E54000022",2022-06-29,163,106,269
"E54000022",2022-06-30,153,109,262
"E54000023",2022-06-01,155,115,270
"E54000023",2022-06-02,139,67,206
"E54000023",2022-06-03,107,32,139
"E54000023",2022-06-04,72,50,122
"E54000023",2022-06-05,63,31,94
"E54000023",2022-06-06,118,77,195
"E54000023",2022-06-07,139,102,241
"E54000023",2022-06-08,157,90,247
"E54000023",2022-06-09,159,83,242
"E54000023",2022-06-10,167,114,281
"E54000023",2022-06-11,116,62,178
"E54000023",2022-06-12,65,47,112
"E54000023",2022-06-13,113,98,211
"E54000023",2022-06-14,149,76,225
"E54000023",2022-06-15,157,111,268
"E54000023",2022-06-16,166,91,257
"E54000023",2022-06-17,146,94,240
"E54000023",2022-06-18,98,47,145
"E54000023",2022-06-19,0,0,0
"E54000023",2022-06-20,96,88,184
"E54000023",2022-06-21,138,88,226
"E54000023",2022-06-22,152,84,236
"E54000023",2022-06-23,147,85,232
"E54000023",2022-06-24,150,99,249
"E54000023",2022-06-25,78,46,124
"E54000023",2022-06-26,68,44,112
"E54000023",2022-06-27,103,83,186
"E54000023",2022-06-28,136,72,208
"E54000023",2022-06-29,169,77,246
"E54000023",2022-06-30,151,87,238
"E54000024",2022-06-01,189,76,265
"E54000024",2022-06-02,85,50,135
"E54000024",2022-06-03,80,42,122
"E54000024",2022-06-04,40,29,69
"E54000024",2022-06-05,45,34,79
"E54000024",2022-06-06,115,56,171
"E54000024",2022-06-07,129,72,201
"E54000024",2022-06-08,122,44,166
"E54000024",2022-06-09,109,58,167
"E54000024",2022-06-10,147,83,230
"E54000024",2022-06-11,81,34,115
"E54000024",2022-06-12,56,34,90
"E54000024",2022-06-13,106,66,172
"E54000024",2022-06-14,147,58,205
"E54000024",2022-06-15,152,86,238
"E54000024",2022-06-16,102,55,157
"E54000024",2022-06-17,124,65,189
"E54000024",2022-06-18,72,34,106
"E54000024",2022-06-19,0,0,0
"E54000024",2022-06-20,83,44,127
"E54000024",2022-06-21,83,41,124
"E54000024",2022-06-22,85,54,139
"E54000024",2022-06-23,98,33,131
"E54000024",2022-06-24,91,32,123
"E54000024",2022-06-25,46,31,77
"E54000024",2022-06-26,36,20,56
"E54000024",2022-06-27,113,61,174
"E54000024",2022-06-28,128,57,185
"E54000024",2022-06-29,109,52,161
"E54000024",2022-06-30,128,48,176
"E54000025",2022-06-01,142,113,255
"E54000025",2022-06-02,114,54,168
"E54000025",2022-06-03,94,51,145
"E54000025",2022-06-04,75,38,113
"E54000025",2022-06-05,88,28,116
"E54000025",2022-06-06,82,63,145
"E54000025",2022-06-07,137,109,246
"E54000025",2022-06-08,139,95,234
"E54000025",2022-06-09,150,92,242
"E54000025",2022-06-10,152,119,271
"E54000025",2022-06-11,81,46,127
"E54000025",2022-06-12,88,28,116
"E54000025",2022-06-13,113,74,187
"E54000025",2022-06-14,123,84,207
"E54000025",2022-06-15,144,76,220
"E54000025",2022-06-16,145,102,247
"E54000025",2022-06-17,124,128,252
"E54000025",2022-06-18,91,53,144
"E54000025",2022-06-19,0,0,0
"E54000025",2022-06-20,76,67,143
"E54000025",2022-06-21,109,57,166
"E54000025",2022-06-22,105,67,172
"E54000025",2022-06-23,66,62,128
"E54000025",2022-06-24,63,50,113
"E54000025",2022-06-25,36,22,58
"E54000025",2022-06-26,27,9,36
"E54000025",2022-06-27,111,93,204
"E54000025",2022-06-28,129,122,251
"E54000025",2022-06-29,100,80,180
"E54000025",2022-06-30,77,67,144
"E54000026",2022-06-01,37,12,49
"E54000026",2022-06-02,24,9,33
"E54000026",2022-06-03,28,8,36
"E54000026",2022-06-04,0,0,0
"E54000026",2022-06-05,24,8,32
"E54000026",2022-06-06,39,7,46
"E54000026",2022-06-07,52,7,59
"E54000026",2022-06-08,45,10,55
"E54000026",2022-06-09,44,9,53
"E54000026",2022-06-10,51,14,65
"E54000026",2022-06-11,25,7,32
"E54000026",2022-06-12,44,9,53
"E54000026",2022-06-13,45,9,54
"E54000026",2022-06-14,47,9,56
"E54000026",2022-06-15,47,11,58
"E54000026",2022-06-16,44,9,53
"E54000026",2022-06-17,0,0,0
"E54000026",2022-06-18,37,14,51
"E54000026",2022-06-19,0,0,0
"E54000026",2022-06-20,23,8,31
"E54000026",2022-06-21,49,16,65
"E54000026",2022-06-22,58,22,80
"E54000026",2022-06-23,42,13,55
"E54000026",2022-06-24,10,5,15
"E54000026",2022-06-25,10,5,15
"E54000026",2022-06-26,10,5,15
"E54000026",2022-06-27,0,0,0
"E54000026",2022-06-28,0,0,0
"E54000026",2022-06-29,0,0,0
"E54000026",2022-06-30,0,0,0
"E54000027",2022-06-01,324,151,475
"E54000027",2022-06-02,198,45,243
"E54000027",2022-06-03,136,62,198
"E54000027",2022-06-04,149,55,204
"E54000027",2022-06-05,72,28,100
"E54000027",2022-06-06,181,109,290
"E54000027",2022-06-07,204,120,324
"E54000027",2022-06-08,259,117,376
"E54000027",2022-06-09,264,121,385
"E54000027",2022-06-10,287,168,455
"E54000027",2022-06-11,191,36,227
"E54000027",2022-06-12,107,33,140
"E54000027",2022-06-13,177,111,288
"E54000027",2022-06-14,277,115,392
"E54000027",2022-06-15,288,119,407
"E54000027",2022-06-16,239,113,352
"E54000027",2022-06-17,286,120,406
"E54000027",2022-06-18,133,43,176
"E54000027",2022-06-19,0,0,0
"E54000027",2022-06-20,129,67,196
"E54000027",2022-06-21,248,112,360
"E54000027",2022-06-22,245,124,369
"E54000027",2022-06-23,284,124,408
"E54000027",2022-06-24,230,149,379
"E54000027",2022-06-25,210,66,276
"E54000027",2022-06-26,166,54,220
"E54000027",2022-06-27,147,70,217
"E54000027",2022-06-28,195,118,313
"E54000027",2022-06-29,276,117,393
"E54000027",2022-06-30,246,111,357
"E54000028",2022-06-01,162,176,338
"E54000028",2022-06-02,131,131,262
"E54000028",2022-06-03,133,113,246
"E54000028",2022-06-04,83,74,157
"E54000028",2022-06-05,93,91,184
"E54000028",2022-06-06,97,120,217
"E54000028",2022-06-07,142,118,260
"E54000028",2022-06-08,138,128,266
"E54000028",2022-06-09,165,118,283
"E54000028",2022-06-10,167,159,326
"E54000028",2022-06-11,118,109,227
"E54000028",2022-06-12,78,81,159
"E54000028",2022-06-13,102,146,248
"E54000028",2022-06-14,176,134,310
"E54000028",2022-06-15,160,147,307
"E54000028",2022-06-16,174,143,317
"E54000028",2022-06-17,179,168,347
"E54000028",2022-06-18,105,93,198
"E54000028",2022-06-19,0,0,0
"E54000028",2022-06-20,85,69,154
"E54000028",2022-06-21,105,121,226
"E54000028",2022-06-22,102,140,242
"E54000028",2022-06-23,149,116,265
"E54000028",2022-06-24,128,116,244
"E54000028",2022-06-25,113,131,244
"E54000028",2022-06-26,106,106,212
"E54000028",2022-06-27,68,77,145
"E54000028",2022-06-28,92,112,204
"E54000028",2022-06-29,146,115,261
"E54000028",2022-06-30,138,138,276
"E54000029",2022-06-01,196,179,375
"E54000029",2022-06-02,166,84,250
"E54000029",2022-06-03,49,32,81
"E54000029",2022-06-04,73,52,125
"E54000029",2022-06-05,93,36,129
"E54000029",2022-06-06,87,120,207
"E54000029",2022-06-07,147,111,258
"E54000029",2022-06-08,166,127,293
"E54000029",2022-06-09,170,105,275
"E54000029",2022-06-10,226,144,370
"E54000029",2022-06-11,122,78,200
"E54000029",2022-06-12,94,32,126
"E54000029",2022-06-13,149,108,257
"E54000029",2022-06-14,157,159,316
"E54000029",2022-06-15,187,122,309
"E54000029",2022-06-16,182,113,295
"E54000029",2022-06-17,201,130,331
"E54000029",2022-06-18,131,50,181
"E54000029",2022-06-19,0,0,0
"E54000029",2022-06-20,116,91,207
"E54000029",2022-06-21,196,145,341
"E54000029",2022-06-22,193,128,321
"E54000029",2022-06-23,194,118,312
"E54000029",2022-06-24,106,72,178
"E54000029",2022-06-25,200,135,335
"E54000029",2022-06-26,50,24,74
"E54000029",2022-06-27,105,74,179
"E54000029",2022-06-28,115,123,238
"E54000029",2022-06-29,53,73,126
"E54000029",2022-06-30,109,85,194
"E54000030",2022-06-01,206,134,340
"E54000030",2022-06-02,177,84,261
"E54000030",2022-06-03,109,95,204
"E54000030",2022-06-04,91,41,132
"E54000030",2022-06-05,81,48,129
"E54000030",2022-06-06,107,101,208
"E54000030",2022-06-07,211,112,323
"E54000030",2022-06-08,184,114,298
"E54000030",2022-06-09,247,125,372
"E54000030",2022-06-10,184,89,273
"E54000030",2022-06-11,141,72,213
"E54000030",2022-06-12,120,52,172
"E54000030",2022-06-13,138,119,257
"E54000030",2022-06-14,218,100,318
"E54000030",2022-06-15,191,134,325
"E54000030",2022-06-16,199,119,318
"E54000030",2022-06-17,194,139,333
"E54000030",2022-06-18,112,58,170
"E54000030",2022-06-19,0,0,0
"E54000030",2022-06-20,155,127,282
"E54000030",2022-06-21,176,106,282
"E54000030",2022-06-22,210,136,346
"E54000030",2022-06-23,160,147,307
"E54000030",2022-06-24,210,124,334
"E54000030",2022-06-25,128,117,245
"E54000030",2022-06-26,104,42,146
"E54000030",2022-06-27,136,133,269
"E54000030",2022-06-28,208,139,347
"E54000030",2022-06-29,220,146,366
"E54000030",2022-06-30,176,190,366
"E54000031",2022-06-01,168,122,290
"E54000031",2022-06-02,116,91,207
"E54000031",2022-06-03,90,54,144
"E54000031",2022-06-04,80,57,137
"E54000031",2022-06-05,63,40,103
"E54000031",2022-06-06,105,65,170
"E54000031",2022-06-07,152,89,241
"E54000031",2022-06-08,159,113,272
"E54000031",2022-06-09,163,95,258
"E54000031",2022-06-10,153,114,267
"E54000031",2022-06-11,107,57,164
"E54000031",2022-06-12,72,51,123
"E54000031",2022-06-13,90,91,181
"E54000031",2022-06-14,160,114,274
"E54000031",2022-06-15,146,100,246
"E54000031",2022-06-16,154,125,279
"E54000031",2022-06-17,135,94,229
"E54000031",2022-06-18,130,52,182
"E54000031",2022-06-19,0,0,0
"E54000031",2022-06-20,95,113,208
"E54000031",2022-06-21,156,114,270
"E54000031",2022-06-22,157,120,277
"E54000031",2022-06-23,152,109,261
"E54000031",2022-06-24,138,118,256
"E54000031",2022-06-25,113,62,175
"E54000031",2022-06-26,72,37,109
"E54000031",2022-06-27,103,100,203
"E54000031",2022-06-28,147,93,240
"E54000031",2022-06-29,128,117,245
"E54000031",2022-06-30,140,97,237
"E54000010",2022-06-01,103,61,164
"E54000010",2022-06-02,79,49,128
"E54000010",2022-06-03,75,34,109
"E54000010",2022-06-04,57,14,71
"E54000010",2022-06-05,59,23,82
"E54000010",2022-06-06,88,46,134
"E54000010",2022-06-07,102,54,156
"E54000010",2022-06-08,125,54,179
"E54000010",2022-06-09,113,54,167
"E54000010",2022-06-10,113,54,167
"E54000010",2022-06-11,113,54,167
"E54000010",2022-06-12,69,36,105
"E54000010",2022-06-13,79,69,148
"E54000010",2022-06-14,100,61,161
"E54000010",2022-06-15,137,49,186
"E54000010",2022-06-16,106,68,174
"E54000010",2022-06-17,82,38,120
"E54000010",2022-06-18,82,44,126
"E54000010",2022-06-19,0,0,0
"E54000010",2022-06-20,77,69,146
"E54000010",2022-06-21,124,58,182
"E54000010",2022-06-22,104,47,151
"E54000010",2022-06-23,94,31,125
"E54000010",2022-06-24,93,55,148
"E54000010",2022-06-25,67,30,97
"E54000010",2022-06-26,58,25,83
"E54000010",2022-06-27,50,49,99
"E54000010",2022-06-28,109,48,157
"E54000010",2022-06-29,101,57,158
"E54000010",2022-06-30,101,54,155
"E54000011",2022-06-01,62,73,135
"E54000011",2022-06-02,69,46,115
"E54000011",2022-06-03,54,27,81
"E54000011",2022-06-04,31,35,66
"E54000011",2022-06-05,35,19,54
"E54000011",2022-06-06,51,60,111
"E54000011",2022-06-07,49,68,117
"E54000011",2022-06-08,65,66,131
"E54000011",2022-06-09,65,75,140
"E54000011",2022-06-10,58,66,124
"E54000011",2022-06-11,38,32,70
"E54000011",2022-06-12,30,15,45
"E54000011",2022-06-13,64,54,118
"E54000011",2022-06-14,71,40,111
"E54000011",2022-06-15,76,56,132
"E54000011",2022-06-16,65,64,129
"E54000011",2022-06-17,61,36,97
"E54000011",2022-06-18,37,25,62
"E54000011",2022-06-19,0,0,0
"E54000011",2022-06-20,30,16,46
"E54000011",2022-06-21,36,56,92
"E54000011",2022-06-22,69,51,120
"E54000011",2022-06-23,75,50,125
"E54000011",2022-06-24,70,66,136
"E54000011",2022-06-25,54,71,125
"E54000011",2022-06-26,33,31,64
"E54000011",2022-06-27,33,17,50
"E54000011",2022-06-28,38,65,103
"E54000011",2022-06-29,61,44,105
"E54000011",2022-06-30,61,57,118
"E54000058",2022-06-01,197,137,334
"E54000058",2022-06-02,171,107,278
"E54000058",2022-06-03,120,75,195
"E54000058",2022-06-04,89,52,141
"E54000058",2022-06-05,68,34,102
"E54000058",2022-06-06,116,108,224
"E54000058",2022-06-07,135,120,255
"E54000058",2022-06-08,160,91,251
"E54000058",2022-06-09,185,89,274
"E54000058",2022-06-10,169,123,292
"E54000058",2022-06-11,108,84,192
"E54000058",2022-06-12,85,44,129
"E54000058",2022-06-13,106,95,201
"E54000058",2022-06-14,150,117,267
"E54000058",2022-06-15,171,130,301
"E54000058",2022-06-16,146,122,268
"E54000058",2022-06-17,179,109,288
"E54000058",2022-06-18,117,87,204
"E54000058",2022-06-19,0,0,0
"E54000058",2022-06-20,128,67,195
"E54000058",2022-06-21,140,100,240
"E54000058",2022-06-22,139,87,226
"E54000058",2022-06-23,143,85,228
"E54000058",2022-06-24,128,102,230
"E54000058",2022-06-25,125,111,236
"E54000058",2022-06-26,90,50,140
"E54000058",2022-06-27,114,77,191
"E54000058",2022-06-28,134,139,273
"E54000058",2022-06-29,135,114,249
"E54000058",2022-06-30,153,127,280
"E54000013",2022-06-01,77,92,169
"E54000013",2022-06-02,59,43,102
"E54000013",2022-06-03,56,50,106
"E54000013",2022-06-04,46,41,87
"E54000013",2022-06-05,53,34,87
"E54000013",2022-06-06,60,92,152
"E54000013",2022-06-07,74,105,179
"E54000013",2022-06-08,70,76,146
"E54000013",2022-06-09,95,89,184
"E54000013",2022-06-10,77,77,154
"E54000013",2022-06-11,54,40,94
"E54000013",2022-06-12,44,30,74
"E54000013",2022-06-13,61,74,135
"E54000013",2022-06-14,99,87,186
"E54000013",2022-06-15,107,110,217
"E54000013",2022-06-16,109,85,194
"E54000013",2022-06-17,81,70,151
"E54000013",2022-06-18,81,70,151
"E54000013",2022-06-19,0,0,0
"E54000013",2022-06-20,78,87,165
"E54000013",2022-06-21,93,81,174
"E54000013",2022-06-22,86,79,165
"E54000013",2022-06-23,88,84,172
"E54000013",2022-06-24,79,79,158
"E54000013",2022-06-25,63,38,101
"E54000013",2022-06-26,53,30,83
"E54000013",2022-06-27,80,79,159
"E54000013",2022-06-28,80,85,165
"E54000013",2022-06-29,61,85,146
"E54000013",2022-06-30,83,85,168
"E54000060",2022-06-01,206,154,360
"E54000060",2022-06-02,164,63,227
"E54000060",2022-06-03,123,65,188
"E54000060",2022-06-04,82,59,141
"E54000060",2022-06-05,89,58,147
"E54000060",2022-06-06,154,122,276
"E54000060",2022-06-07,192,102,294
"E54000060",2022-06-08,213,129,342
"E54000060",2022-06-09,193,119,312
"E54000060",2022-06-10,221,126,347
"E54000060",2022-06-11,140,77,217
"E54000060",2022-06-12,82,56,138
"E54000060",2022-06-13,161,121,282
"E54000060",2022-06-14,203,130,333
"E54000060",2022-06-15,212,119,331
"E54000060",2022-06-16,205,120,325
"E54000060",2022-06-17,190,150,340
"E54000060",2022-06-18,142,84,226
"E54000060",2022-06-19,0,0,0
"E54000060",2022-06-20,98,38,136
"E54000060",2022-06-21,147,125,272
"E54000060",2022-06-22,190,125,315
"E54000060",2022-06-23,215,130,345
"E54000060",2022-06-24,199,100,299
"E54000060",2022-06-25,210,117,327
"E54000060",2022-06-26,123,46,169
"E54000060",2022-06-27,93,64,157
"E54000060",2022-06-28,144,146,290
"E54000060",2022-06-29,178,149,327
"E54000060",2022-06-30,207,120,327
"E54000015",2022-06-01,144,185,329
"E54000015",2022-06-02,123,114,237
"E54000015",2022-06-03,114,69,183
"E54000015",2022-06-04,88,63,151
"E54000015",2022-06-05,72,41,113
"E54000015",2022-06-06,106,97,203
"E54000015",2022-06-07,105,102,207
"E54000015",2022-06-08,130,112,242
"E54000015",2022-06-09,139,109,248
"E54000015",2022-06-10,147,140,287
"E54000015",2022-06-11,113,78,191
"E54000015",2022-06-12,91,58,149
"E54000015",2022-06-13,100,104,204
"E54000015",2022-06-14,136,94,230
"E54000015",2022-06-15,163,117,280
"E54000015",2022-06-16,121,103,224
"E54000015",2022-06-17,152,129,281
"E54000015",2022-06-18,118,87,205
"E54000015",2022-06-19,0,0,0
"E54000015",2022-06-20,117,139,256
"E54000015",2022-06-21,140,139,279
"E54000015",2022-06-22,138,123,261
"E54000015",2022-06-23,133,133,266
"E54000015",2022-06-24,146,137,283
"E54000015",2022-06-25,109,86,195
"E54000015",2022-06-26,109,46,155
"E54000015",2022-06-27,122,124,246
"E54000015",2022-06-28,154,134,288
"E54000015",2022-06-29,138,133,271
"E54000015",2022-06-30,152,111,263
"E54000062",2022-06-01,209,163,372
"E54000062",2022-06-02,170,109,279
"E54000062",2022-06-03,143,92,235
"E54000062",2022-06-04,135,76,211
"E54000062",2022-06-05,133,61,194
"E54000062",2022-06-06,156,119,275
"E54000062",2022-06-07,191,159,350
"E54000062",2022-06-08,191,149,340
"E54000062",2022-06-09,228,168,396
"E54000062",2022-06-10,214,188,402
"E54000062",2022-06-11,159,92,251
"E54000062",2022-06-12,157,77,234
"E54000062",2022-06-13,184,149,333
"E54000062",2022-06-14,187,139,326
"E54000062",2022-06-15,235,136,371
"E54000062",2022-06-16,187,135,322
"E54000062",2022-06-17,184,143,327
"E54000062",2022-06-18,153,81,234
"E54000062",2022-06-19,0,0,0
"E54000062",2022-06-20,158,83,241
"E54000062",2022-06-21,141,105,246
"E54000062",2022-06-22,239,158,397
"E54000062",2022-06-23,235,125,360
"E54000062",2022-06-24,221,138,359
"E54000062",2022-06-25,205,163,368
"E54000062",2022-06-26,152,98,250
"E54000062",2022-06-27,124,73,197
"E54000062",2022-06-28,186,134,320
"E54000062",2022-06-29,218,130,348
"E54000062",2022-06-30,216,151,367
"E54000055",2022-06-01,19,40,59
"E54000055",2022-06-02,39,29,68
"E54000055",2022-06-03,16,21,37
"E54000055",2022-06-04,18,7,25
"E54000055",2022-06-05,16,22,38
"E54000055",2022-06-06,19,20,39
"E54000055",2022-06-07,38,24,62
"E54000055",2022-06-08,18,32,50
"E54000055",2022-06-09,39,31,70
"E54000055",2022-06-10,23,18,41
"E54000055",2022-06-11,14,17,31
"E54000055",2022-06-12,23,23,46
"E54000055",2022-06-13,14,24,38
"E54000055",2022-06-14,41,26,67
"E54000055",2022-06-15,45,21,66
"E54000055",2022-06-16,5,0,5
"E54000055",2022-06-17,32,34,66
"E54000055",2022-06-18,22,11,33
"E54000055",2022-06-19,0,0,0
"E54000055",2022-06-20,14,14,28
"E54000055",2022-06-21,23,19,42
"E54000055",2022-06-22,0,0,0
"E54000055",2022-06-23,19,27,46
"E54000055",2022-06-24,26,19,45
"E54000055",2022-06-25,38,26,64
"E54000055",2022-06-26,11,19,30
"E54000055",2022-06-27,14,18,32
"E54000055",2022-06-28,19,29,48
"E54000055",2022-06-29,31,18,49
"E54000055",2022-06-30,22,24,46
"E54000018",2022-06-01,61,46,107
"E54000018",2022-06-02,112,52,164
"E54000018",2022-06-03,37,18,55
"E54000018",2022-06-04,44,33,77
"E54000018",2022-06-05,40,20,60
"E54000018",2022-06-06,92,82,174
"E54000018",2022-06-07,122,91,213
"E54000018",2022-06-08,19,16,35
"E54000018",2022-06-09,51,47,98
"E54000018",2022-06-10,30,22,52
"E54000018",2022-06-11,33,24,57
"E54000018",2022-06-12,67,51,118
"E54000018",2022-06-13,85,70,155
"E54000018",2022-06-14,126,90,216
"E54000018",2022-06-15,113,101,214
"E54000018",2022-06-16,133,93,226
"E54000018",2022-06-17,112,102,214
"E54000018",2022-06-18,92,54,146
"E54000018",2022-06-19,0,0,0
"E54000018",2022-06-20,82,73,155
"E54000018",2022-06-21,111,91,202
"E54000018",2022-06-22,156,103,259
"E54000018",2022-06-23,136,109,245
"E54000018",2022-06-24,133,84,217
"E54000018",2022-06-25,104,83,187
"E54000018",2022-06-26,75,46,121
"E54000018",2022-06-27,78,60,138
"E54000018",2022-06-28,133,96,229
"E54000018",2022-06-29,127,92,219
"E54000018",2022-06-30,138,99,237
"E54000019",2022-06-01,13,2,15
"E54000019",2022-06-02,11,0,11
"E54000019",2022-06-03,2,0,2
"E54000019",2022-06-04,2,1,3
"E54000019",2022-06-05,5,0,5
"E54000019",2022-06-06,5,0,5
"E54000019",2022-06-07,14,8,22
"E54000019",2022-06-08,8,7,15
"E54000019",2022-06-09,3,1,4
"E54000019",2022-06-10,4,1,5
"E54000019",2022-06-11,3,1,4
"E54000019",2022-06-12,1,1,2
"E54000019",2022-06-13,4,0,4
"E54000019",2022-06-14,12,3,15
"E54000019",2022-06-15,9,3,12
"E54000019",2022-06-16,9,4,13
"E54000019",2022-06-17,8,6,14
"E54000019",2022-06-18,6,3,9
"E54000019",2022-06-19,0,0,0
"E54000019",2022-06-20,0,0,0
"E54000019",2022-06-21,2,1,3
"E54000019",2022-06-22,0,0,0
"E54000019",2022-06-23,1,2,3
"E54000019",2022-06-24,2,0,2
"E54000019",2022-06-25,0,1,1
"E54000019",2022-06-26,0,0,0
"E54000019",2022-06-27,6,7,13
"E54000019",2022-06-28,9,4,13
"E54000019",2022-06-29,7,2,9
"E54000019",2022-06-30,5,1,6
"E54000059",2022-06-01,82,76,158
"E54000059",2022-06-02,69,45,114
"E54000059",2022-06-03,58,51,109
"E54000059",2022-06-04,60,36,96
"E54000059",2022-06-05,25,19,44
"E54000059",2022-06-06,44,54,98
"E54000059",2022-06-07,56,70,126
"E54000059",2022-06-08,86,57,143
"E54000059",2022-06-09,95,49,144
"E54000059",2022-06-10,85,74,159
"E54000059",2022-06-11,62,43,105
"E54000059",2022-06-12,54,33,87
"E54000059",2022-06-13,53,66,119
"E54000059",2022-06-14,73,53,126
"E54000059",2022-06-15,85,59,144
"E54000059",2022-06-16,80,69,149
"E54000059",2022-06-17,75,68,143
"E54000059",2022-06-18,54,56,110
"E54000059",2022-06-19,0,0,0
"E54000059",2022-06-20,40,31,71
"E54000059",2022-06-21,54,66,120
"E54000059",2022-06-22,65,55,120
"E54000059",2022-06-23,77,71,148
"E54000059",2022-06-24,83,66,149
"E54000059",2022-06-25,78,71,149
"E54000059",2022-06-26,63,44,107
"E54000059",2022-06-27,24,17,41
"E54000059",2022-06-28,24,36,60
"E54000059",2022-06-29,24,45,69
"E54000059",2022-06-30,35,27,62
"E54000061",2022-06-01,251,216,467
"E54000061",2022-06-02,209,125,334
"E54000061",2022-06-03,179,88,267
"E54000061",2022-06-04,145,58,203
"E54000061",2022-06-05,144,75,219
"E54000061",2022-06-06,145,130,275
"E54000061",2022-06-07,176,148,324
"E54000061",2022-06-08,205,173,378
"E54000061",2022-06-09,192,193,385
"E54000061",2022-06-10,244,205,449
"E54000061",2022-06-11,131,82,213
"E54000061",2022-06-12,117,82,199
"E54000061",2022-06-13,163,165,328
"E54000061",2022-06-14,214,197,411
"E54000061",2022-06-15,195,187,382
"E54000061",2022-06-16,176,166,342
"E54000061",2022-06-17,237,196,433
"E54000061",2022-06-18,153,124,277
"E54000061",2022-06-19,0,0,0
"E54000061",2022-06-20,129,122,251
"E54000061",2022-06-21,176,154,330
"E54000061",2022-06-22,215,160,375
"E54000061",2022-06-23,181,168,349
"E54000061",2022-06-24,161,171,332
"E54000061",2022-06-25,145,159,304
"E54000061",2022-06-26,122,93,215
"E54000061",2022-06-27,153,110,263
"E54000061",2022-06-28,148,161,309
"E54000061",2022-06-29,221,145,366
"E54000061",2022-06-30,205,160,365
"E54000050",2022-06-01,440,382,822
"E54000050",2022-06-02,369,261,630
"E54000050",2022-06-03,314,225,539
"E54000050",2022-06-04,265,233,498
"E54000050",2022-06-05,229,159,388
"E54000050",2022-06-06,312,279,591
"E54000050",2022-06-07,436,349,785
"E54000050",2022-06-08,384,354,738
"E54000050",2022-06-09,427,305,732
"E54000050",2022-06-10,420,344,764
"E54000050",2022-06-11,284,249,533
"E54000050",2022-06-12,264,195,459
"E54000050",2022-06-13,363,348,711
"E54000050",2022-06-14,415,330,745
"E54000050",2022-06-15,438,310,748
"E54000050",2022-06-16,442,347,789
"E54000050",2022-06-17,401,318,719
"E54000050",2022-06-18,304,229,533
"E54000050",2022-06-19,0,0,0
"E54000050",2022-06-20,250,264,514
"E54000050",2022-06-21,395,340,735
"E54000050",2022-06-22,390,348,738
"E54000050",2022-06-23,427,337,764
"E54000050",2022-06-24,445,314,759
"E54000050",2022-06-25,315,277,592
"E54000050",2022-06-26,290,227,517
"E54000050",2022-06-27,295,280,575
"E54000050",2022-06-28,392,343,735
"E54000050",2022-06-29,397,316,713
"E54000050",2022-06-30,406,341,747
"E54000051",2022-06-01,203,140,343
"E54000051",2022-06-02,176,81,257
"E54000051",2022-06-03,143,81,224
"E54000051",2022-06-04,97,57,154
"E54000051",2022-06-05,75,47,122
"E54000051",2022-06-06,125,129,254
"E54000051",2022-06-07,169,142,311
"E54000051",2022-06-08,194,124,318
"E54000051",2022-06-09,205,123,328
"E54000051",2022-06-10,186,136,322
"E54000051",2022-06-11,119,75,194
"E54000051",2022-06-12,105,64,169
"E54000051",2022-06-13,166,142,308
"E54000051",2022-06-14,202,135,337
"E54000051",2022-06-15,199,143,342
"E54000051",2022-06-16,175,132,307
"E54000051",2022-06-17,176,151,327
"E54000051",2022-06-18,116,81,197
"E54000051",2022-06-19,0,0,0
"E54000051",2022-06-20,155,121,276
"E54000051",2022-06-21,183,154,337
"E54000051",2022-06-22,184,113,297
"E54000051",2022-06-23,247,195,442
"E54000051",2022-06-24,193,179,372
"E54000051",2022-06-25,126,70,196
"E54000051",2022-06-26,99,50,149
"E54000051",2022-06-27,140,128,268
"E54000051",2022-06-28,172,131,303
"E54000051",2022-06-29,172,124,296
"E54000051",2022-06-30,180,142,322
"E54000054",2022-06-01,381,269,650
"E54000054",2022-06-02,290,196,486
"E54000054",2022-06-03,311,157,468
"E54000054",2022-06-04,205,122,327
"E54000054",2022-06-05,216,111,327
"E54000054",2022-06-06,280,200,480
"E54000054",2022-06-07,371,214,585
"E54000054",2022-06-08,355,252,607
"E54000054",2022-06-09,343,195,538
"E54000054",2022-06-10,370,238,608
"E54000054",2022-06-11,286,173,459
"E54000054",2022-06-12,267,161,428
"E54000054",2022-06-13,236,165,401
"E54000054",2022-06-14,305,234,539
"E54000054",2022-06-15,346,220,566
"E54000054",2022-06-16,356,196,552
"E54000054",2022-06-17,393,231,624
"E54000054",2022-06-18,252,129,381
"E54000054",2022-06-19,0,0,0
"E54000054",2022-06-20,146,97,243
"E54000054",2022-06-21,182,132,314
"E54000054",2022-06-22,222,142,364
"E54000054",2022-06-23,229,161,390
"E54000054",2022-06-24,264,153,417
"E54000054",2022-06-25,205,162,367
"E54000054",2022-06-26,180,94,274
"E54000054",2022-06-27,230,155,385
"E54000054",2022-06-28,306,217,523
"E54000054",2022-06-29,341,245,586
"E54000054",2022-06-30,339,206,545
"E54000057",2022-06-01,363,141,504
"E54000057",2022-06-02,277,70,347
"E54000057",2022-06-03,173,82,255
"E54000057",2022-06-04,192,53,245
"E54000057",2022-06-05,169,47,216
"E54000057",2022-06-06,279,107,386
"E54000057",2022-06-07,376,124,500
"E54000057",2022-06-08,350,143,493
"E54000057",2022-06-09,304,87,391
"E54000057",2022-06-10,351,129,480
"E54000057",2022-06-11,294,73,367
"E54000057",2022-06-12,280,56,336
"E54000057",2022-06-13,329,114,443
"E54000057",2022-06-14,353,111,464
"E54000057",2022-06-15,395,129,524
"E54000057",2022-06-16,388,129,517
"E54000057",2022-06-17,344,121,465
"E54000057",2022-06-18,263,80,343
"E54000057",2022-06-19,0,0,0
"E54000057",2022-06-20,197,57,254
"E54000057",2022-06-21,322,109,431
"E54000057",2022-06-22,373,116,489
"E54000057",2022-06-23,337,100,437
"E54000057",2022-06-24,357,120,477
"E54000057",2022-06-25,315,103,418
"E54000057",2022-06-26,166,48,214
"E54000057",2022-06-27,240,67,307
"E54000057",2022-06-28,302,149,451
"E54000057",2022-06-29,428,147,575
"E54000057",2022-06-30,332,145,477
"E54000008",2022-06-01,234,183,417
"E54000008",2022-06-02,183,99,282
"E54000008",2022-06-03,164,106,270
"E54000008",2022-06-04,136,84,220
"E54000008",2022-06-05,111,56,167
"E54000008",2022-06-06,197,183,380
"E54000008",2022-06-07,263,197,460
"E54000008",2022-06-08,226,180,406
"E54000008",2022-06-09,307,156,463
"E54000008",2022-06-10,290,157,447
"E54000008",2022-06-11,175,115,290
"E54000008",2022-06-12,143,53,196
"E54000008",2022-06-13,232,161,393
"E54000008",2022-06-14,233,158,391
"E54000008",2022-06-15,250,176,426
"E54000008",2022-06-16,267,184,451
"E54000008",2022-06-17,276,205,481
"E54000008",2022-06-18,127,72,199
"E54000008",2022-06-19,0,0,0
"E54000008",2022-06-20,231,143,374
"E54000008",2022-06-21,253,169,422
"E54000008",2022-06-22,301,178,479
"E54000008",2022-06-23,277,178,455
"E54000008",2022-06-24,273,211,484
"E54000008",2022-06-25,201,106,307
"E54000008",2022-06-26,109,128,237
"E54000008",2022-06-27,182,166,348
"E54000008",2022-06-28,282,165,447
"E54000008",2022-06-29,277,171,448
"E54000008",2022-06-30,281,179,460
"E54000048",2022-06-01,202,176,378
"E54000048",2022-06-02,150,111,261
"E54000048",2022-06-03,97,85,182
"E54000048",2022-06-04,118,53,171
"E54000048",2022-06-05,76,38,114
"E54000048",2022-06-06,113,143,256
"E54000048",2022-06-07,163,161,324
"E54000048",2022-06-08,169,161,330
"E54000048",2022-06-09,197,145,342
"E54000048",2022-06-10,202,158,360
"E54000048",2022-06-11,106,76,182
"E54000048",2022-06-12,72,57,129
"E54000048",2022-06-13,137,152,289
"E54000048",2022-06-14,168,146,314
"E54000048",2022-06-15,163,136,299
"E54000048",2022-06-16,170,143,313
"E54000048",2022-06-17,171,166,337
"E54000048",2022-06-18,130,89,219
"E54000048",2022-06-19,0,0,0
"E54000048",2022-06-20,155,106,261
"E54000048",2022-06-21,226,150,376
"E54000048",2022-06-22,188,133,321
"E54000048",2022-06-23,207,158,365
"E54000048",2022-06-24,193,152,345
"E54000048",2022-06-25,177,116,293
"E54000048",2022-06-26,106,52,158
"E54000048",2022-06-27,106,97,203
"E54000048",2022-06-28,168,122,290
"E54000048",2022-06-29,141,121,262
"E54000048",2022-06-30,194,128,322
"E54000032",2022-06-01,230,169,399
"E54000032",2022-06-02,203,110,313
"E54000032",2022-06-03,140,66,206
"E54000032",2022-06-04,82,54,136
"E54000032",2022-06-05,91,37,128
"E54000032",2022-06-06,140,105,245
"E54000032",2022-06-07,153,113,266
"E54000032",2022-06-08,218,166,384
"E54000032",2022-06-09,210,136,346
"E54000032",2022-06-10,219,123,342
"E54000032",2022-06-11,152,94,246
"E54000032",2022-06-12,102,56,158
"E54000032",2022-06-13,155,89,244
"E54000032",2022-06-14,164,114,278
"E54000032",2022-06-15,222,136,358
"E54000032",2022-06-16,218,142,360
"E54000032",2022-06-17,210,134,344
"E54000032",2022-06-18,139,95,234
"E54000032",2022-06-19,0,0,0
"E54000032",2022-06-20,128,102,230
"E54000032",2022-06-21,210,137,347
"E54000032",2022-06-22,232,153,385
"E54000032",2022-06-23,211,190,401
"E54000032",2022-06-24,213,203,416
"E54000032",2022-06-25,149,135,284
"E54000032",2022-06-26,112,54,166
"E54000032",2022-06-27,144,245,389
"E54000032",2022-06-28,171,258,429
"E54000032",2022-06-29,216,259,475
"E54000032",2022-06-30,229,257,486
"E54000034",2022-06-01,0,0,0
"E54000034",2022-06-02,0,0,0
"E54000034",2022-06-03,0,0,0
"E54000034",2022-06-04,0,0,0
"E54000034",2022-06-05,0,0,0
"E54000034",2022-06-06,0,0,0
"E54000034",2022-06-07,0,0,0
"E54000034",2022-06-08,0,0,0
"E54000034",2022-06-09,0,0,0
"E54000034",2022-06-10,0,0,0
"E54000034",2022-06-11,0,0,0
"E54000034",2022-06-12,0,0,0
"E54000034",2022-06-13,0,0,0
"E54000034",2022-06-14,0,0,0
"E54000034",2022-06-15,0,0,0
"E54000034",2022-06-16,0,0,0
"E54000034",2022-06-17,0,0,0
"E54000034",2022-06-18,0,0,0
"E54000034",2022-06-19,0,0,0
"E54000034",2022-06-20,0,0,0
"E54000034",2022-06-21,0,0,0
"E54000034",2022-06-22,0,0,0
"E54000034",2022-06-23,0,0,0
"E54000034",2022-06-24,0,0,0
"E54000034",2022-06-25,0,0,0
"E54000034",2022-06-26,0,0,0
"E54000034",2022-06-27,0,0,0
"E54000034",2022-06-28,0,0,0
"E54000034",2022-06-29,0,0,0
"E54000034",2022-06-30,0,0,0
"E54000042",2022-06-01,171,124,295
"E54000042",2022-06-02,98,43,141
"E54000042",2022-06-03,97,51,148
"E54000042",2022-06-04,66,29,95
"E54000042",2022-06-05,50,33,83
"E54000042",2022-06-06,124,96,220
"E54000042",2022-06-07,165,110,275
"E54000042",2022-06-08,125,84,209
"E54000042",2022-06-09,130,94,224
"E54000042",2022-06-10,166,113,279
"E54000042",2022-06-11,97,47,144
"E54000042",2022-06-12,55,29,84
"E54000042",2022-06-13,127,95,222
"E54000042",2022-06-14,140,94,234
"E54000042",2022-06-15,180,111,291
"E54000042",2022-06-16,209,105,314
"E54000042",2022-06-17,197,156,353
"E54000042",2022-06-18,117,54,171
"E54000042",2022-06-19,0,0,0
"E54000042",2022-06-20,111,77,188
"E54000042",2022-06-21,179,149,328
"E54000042",2022-06-22,200,127,327
"E54000042",2022-06-23,193,137,330
"E54000042",2022-06-24,199,136,335
"E54000042",2022-06-25,156,119,275
"E54000042",2022-06-26,108,56,164
"E54000042",2022-06-27,100,90,190
"E54000042",2022-06-28,174,124,298
"E54000042",2022-06-29,203,137,340
"E54000042",2022-06-30,190,132,322
"E54000044",2022-06-01,208,152,360
"E54000044",2022-06-02,224,81,305
"E54000044",2022-06-03,136,61,197
"E54000044",2022-06-04,112,62,174
"E54000044",2022-06-05,97,40,137
"E54000044",2022-06-06,151,112,263
"E54000044",2022-06-07,126,94,220
"E54000044",2022-06-08,216,148,364
"E54000044",2022-06-09,207,129,336
"E54000044",2022-06-10,219,162,381
"E54000044",2022-06-11,131,81,212
"E54000044",2022-06-12,114,48,162
"E54000044",2022-06-13,182,117,299
"E54000044",2022-06-14,226,153,379
"E54000044",2022-06-15,193,142,335
"E54000044",2022-06-16,213,115,328
"E54000044",2022-06-17,226,127,353
"E54000044",2022-06-18,140,120,260
"E54000044",2022-06-19,0,0,0
"E54000044",2022-06-20,145,85,230
"E54000044",2022-06-21,201,110,311
"E54000044",2022-06-22,224,139,363
"E54000044",2022-06-23,190,125,315
"E54000044",2022-06-24,232,111,343
"E54000044",2022-06-25,166,118,284
"E54000044",2022-06-26,149,48,197
"E54000044",2022-06-27,132,71,203
"E54000044",2022-06-28,180,134,314
"E54000044",2022-06-29,191,132,323
"E54000044",2022-06-30,181,136,317
"E54000052",2022-06-01,119,91,210
"E54000052",2022-06-02,97,42,139
"E54000052",2022-06-03,77,33,110
"E54000052",2022-06-04,54,38,92
"E54000052",2022-06-05,40,31,71
"E54000052",2022-06-06,71,39,110
"E54000052",2022-06-07,83,67,150
"E54000052",2022-06-08,92,70,162
"E54000052",2022-06-09,124,62,186
"E54000052",2022-06-10,110,90,200
"E54000052",2022-06-11,98,33,131
"E54000052",2022-06-12,56,36,92
"E54000052",2022-06-13,87,82,169
"E54000052",2022-06-14,130,67,197
"E54000052",2022-06-15,115,67,182
"E54000052",2022-06-16,99,64,163
"E54000052",2022-06-17,134,87,221
"E54000052",2022-06-18,117,22,139
"E54000052",2022-06-19,0,0,0
"E54000052",2022-06-20,78,60,138
"E54000052",2022-06-21,116,57,173
"E54000052",2022-06-22,118,71,189
"E54000052",2022-06-23,118,79,197
"E54000052",2022-06-24,110,76,186
"E54000052",2022-06-25,92,60,152
"E54000052",2022-06-26,96,30,126
"E54000052",2022-06-27,78,52,130
"E54000052",2022-06-28,108,75,183
"E54000052",2022-06-29,90,61,151
"E54000052",2022-06-30,116,92,208
"E54000053",2022-06-01,332,215,547
"E54000053",2022-06-02,222,109,331
"E54000053",2022-06-03,162,63,225
"E54000053",2022-06-04,120,53,173
"E54000053",2022-06-05,116,41,157
"E54000053",2022-06-06,206,151,357
"E54000053",2022-06-07,272,149,421
"E54000053",2022-06-08,298,135,433
"E54000053",2022-06-09,264,158,422
"E54000053",2022-06-10,289,182,471
"E54000053",2022-06-11,162,71,233
"E54000053",2022-06-12,125,60,185
"E54000053",2022-06-13,232,138,370
"E54000053",2022-06-14,296,160,456
"E54000053",2022-06-15,263,178,441
"E54000053",2022-06-16,264,144,408
"E54000053",2022-06-17,239,155,394
"E54000053",2022-06-18,145,49,194
"E54000053",2022-06-19,0,0,0
"E54000053",2022-06-20,185,68,253
"E54000053",2022-06-21,197,50,247
"E54000053",2022-06-22,252,165,417
"E54000053",2022-06-23,252,147,399
"E54000053",2022-06-24,276,178,454
"E54000053",2022-06-25,220,129,349
"E54000053",2022-06-26,205,128,333
"E54000053",2022-06-27,179,76,255
"E54000053",2022-06-28,189,63,252
"E54000053",2022-06-29,235,173,408
"E54000053",2022-06-30,252,141,393
"E54000036",2022-06-01,62,48,110
"E54000036",2022-06-02,39,21,60
"E54000036",2022-06-03,41,21,62
"E54000036",2022-06-04,28,13,41
"E54000036",2022-06-05,29,7,36
"E54000036",2022-06-06,44,30,74
"E54000036",2022-06-07,51,33,84
"E54000036",2022-06-08,56,45,101
"E54000036",2022-06-09,57,35,92
"E54000036",2022-06-10,61,41,102
"E54000036",2022-06-11,42,23,65
"E54000036",2022-06-12,32,9,41
"E54000036",2022-06-13,36,32,68
"E54000036",2022-06-14,59,46,105
"E54000036",2022-06-15,57,32,89
"E54000036",2022-06-16,64,46,110
"E54000036",2022-06-17,72,47,119
"E54000036",2022-06-18,49,29,78
"E54000036",2022-06-19,0,0,0
"E54000036",2022-06-20,52,31,83
"E54000036",2022-06-21,45,39,84
"E54000036",2022-06-22,66,51,117
"E54000036",2022-06-23,62,32,94
"E54000036",2022-06-24,73,38,111
"E54000036",2022-06-25,33,28,61
"E54000036",2022-06-26,25,16,41
"E54000036",2022-06-27,34,29,63
"E54000036",2022-06-28,60,32,92
"E54000036",2022-06-29,47,47,94
"E54000036",2022-06-30,58,51,109
"E54000037",2022-06-01,185,126,311
"E54000037",2022-06-02,193,65,258
"E54000037",2022-06-03,139,72,211
"E54000037",2022-06-04,104,54,158
"E54000037",2022-06-05,89,51,140
"E54000037",2022-06-06,116,107,223
"E54000037",2022-06-07,175,103,278
"E54000037",2022-06-08,179,123,302
"E54000037",2022-06-09,198,103,301
"E54000037",2022-06-10,220,141,361
"E54000037",2022-06-11,135,46,181
"E54000037",2022-06-12,94,49,143
"E54000037",2022-06-13,142,101,243
"E54000037",2022-06-14,200,125,325
"E54000037",2022-06-15,172,96,268
"E54000037",2022-06-16,179,118,297
"E54000037",2022-06-17,173,89,262
"E54000037",2022-06-18,109,60,169
"E54000037",2022-06-19,0,0,0
"E54000037",2022-06-20,139,128,267
"E54000037",2022-06-21,203,108,311
"E54000037",2022-06-22,184,122,306
"E54000037",2022-06-23,175,113,288
"E54000037",2022-06-24,196,127,323
"E54000037",2022-06-25,123,83,206
"E54000037",2022-06-26,82,54,136
"E54000037",2022-06-27,144,114,258
"E54000037",2022-06-28,166,104,270
"E54000037",2022-06-29,206,111,317
"E54000037",2022-06-30,195,98,293
"E54000038",2022-06-01,113,52,165
"E54000038",2022-06-02,69,13,82
"E54000038",2022-06-03,57,15,72
"E54000038",2022-06-04,36,4,40
"E54000038",2022-06-05,34,10,44
"E54000038",2022-06-06,78,39,117
"E54000038",2022-06-07,87,46,133
"E54000038",2022-06-08,99,51,150
"E54000038",2022-06-09,99,42,141
"E54000038",2022-06-10,102,55,157
"E54000038",2022-06-11,60,19,79
"E54000038",2022-06-12,36,13,49
"E54000038",2022-06-13,64,61,125
"E54000038",2022-06-14,87,46,133
"E54000038",2022-06-15,110,29,139
"E54000038",2022-06-16,95,39,134
"E54000038",2022-06-17,101,54,155
"E54000038",2022-06-18,51,9,60
"E54000038",2022-06-19,0,0,0
"E54000038",2022-06-20,55,16,71
"E54000038",2022-06-21,94,29,123
"E54000038",2022-06-22,87,37,124
"E54000038",2022-06-23,88,42,130
"E54000038",2022-06-24,95,57,152
"E54000038",2022-06-25,73,22,95
"E54000038",2022-06-26,37,3,40
"E54000038",2022-06-27,84,23,107
"E54000038",2022-06-28,84,21,105
"E54000038",2022-06-29,68,16,84
"E54000038",2022-06-30,78,32,110
"E54000039",2022-06-01,144,41,185
"E54000039",2022-06-02,109,25,134
"E54000039",2022-06-03,135,35,170
"E54000039",2022-06-04,136,32,168
"E54000039",2022-06-05,93,15,108
"E54000039",2022-06-06,85,43,128
"E54000039",2022-06-07,122,46,168
"E54000039",2022-06-08,134,46,180
"E54000039",2022-06-09,120,42,162
"E54000039",2022-06-10,100,40,140
"E54000039",2022-06-11,109,34,143
"E54000039",2022-06-12,103,20,123
"E54000039",2022-06-13,116,38,154
"E54000039",2022-06-14,118,42,160
"E54000039",2022-06-15,123,47,170
"E54000039",2022-06-16,130,51,181
"E54000039",2022-06-17,123,51,174
"E54000039",2022-06-18,135,37,172
"E54000039",2022-06-19,0,0,0
"E54000039",2022-06-20,147,46,193
"E54000039",2022-06-21,162,51,213
"E54000039",2022-06-22,135,40,175
"E54000039",2022-06-23,141,40,181
"E54000039",2022-06-24,164,51,215
"E54000039",2022-06-25,120,26,146
"E54000039",2022-06-26,104,13,117
"E54000039",2022-06-27,64,12,76
"E54000039",2022-06-28,67,8,75
"E54000039",2022-06-29,66,8,74
"E54000039",2022-06-30,72,7,79
"E54000040",2022-06-01,205,157,362
"E54000040",2022-06-02,144,66,210
"E54000040",2022-06-03,88,35,123
"E54000040",2022-06-04,89,37,126
"E54000040",2022-06-05,79,29,108
"E54000040",2022-06-06,118,83,201
"E54000040",2022-06-07,188,98,286
"E54000040",2022-06-08,153,101,254
"E54000040",2022-06-09,176,94,270
"E54000040",2022-06-10,183,107,290
"E54000040",2022-06-11,105,63,168
"E54000040",2022-06-12,91,28,119
"E54000040",2022-06-13,76,47,123
"E54000040",2022-06-14,145,59,204
"E54000040",2022-06-15,181,94,275
"E54000040",2022-06-16,170,117,287
"E54000040",2022-06-17,172,112,284
"E54000040",2022-06-18,111,35,146
"E54000040",2022-06-19,0,0,0
"E54000040",2022-06-20,108,54,162
"E54000040",2022-06-21,101,96,197
"E54000040",2022-06-22,149,88,237
"E54000040",2022-06-23,173,112,285
"E54000040",2022-06-24,155,108,263
"E54000040",2022-06-25,161,75,236
"E54000040",2022-06-26,86,50,136
"E54000040",2022-06-27,104,72,176
"E54000040",2022-06-28,161,93,254
"E54000040",2022-06-29,162,103,265
"E54000040",2022-06-30,185,96,281
"E54000041",2022-06-01,100,62,162
"E54000041",2022-06-02,77,38,115
"E54000041",2022-06-03,55,27,82
"E54000041",2022-06-04,50,22,72
"E54000041",2022-06-05,62,21,83
"E54000041",2022-06-06,64,38,102
"E54000041",2022-06-07,77,49,126
"E54000041",2022-06-08,122,40,162
"E54000041",2022-06-09,76,38,114
"E54000041",2022-06-10,118,54,172
"E54000041",2022-06-11,93,28,121
"E54000041",2022-06-12,56,14,70
"E54000041",2022-06-13,87,52,139
"E54000041",2022-06-14,87,45,132
"E54000041",2022-06-15,103,39,142
"E54000041",2022-06-16,89,40,129
"E54000041",2022-06-17,102,75,177
"E54000041",2022-06-18,49,36,85
"E54000041",2022-06-19,0,0,0
"E54000041",2022-06-20,69,57,126
"E54000041",2022-06-21,125,55,180
"E54000041",2022-06-22,111,51,162
"E54000041",2022-06-23,106,67,173
"E54000041",2022-06-24,103,51,154
"E54000041",2022-06-25,70,20,90
"E54000041",2022-06-26,37,17,54
"E54000041",2022-06-27,71,68,139
"E54000041",2022-06-28,120,56,176
"E54000041",2022-06-29,97,58,155
"E54000041",2022-06-30,103,53,156
"E54000043",2022-06-01,52,30,82
"E54000043",2022-06-02,51,31,82
"E54000043",2022-06-03,32,21,53
"E54000043",2022-06-04,19,14,33
"E54000043",2022-06-05,24,9,33
"E54000043",2022-06-06,28,26,54
"E54000043",2022-06-07,35,33,68
"E54000043",2022-06-08,44,33,77
"E54000043",2022-06-09,60,38,98
"E54000043",2022-06-10,65,45,110
"E54000043",2022-06-11,46,15,61
"E54000043",2022-06-12,27,17,44
"E54000043",2022-06-13,42,33,75
"E54000043",2022-06-14,53,33,86
"E54000043",2022-06-15,51,44,95
"E54000043",2022-06-16,41,39,80
"E54000043",2022-06-17,53,49,102
"E54000043",2022-06-18,39,22,61
"E54000043",2022-06-19,0,0,0
"E54000043",2022-06-20,27,30,57
"E54000043",2022-06-21,55,45,100
"E54000043",2022-06-22,47,32,79
"E54000043",2022-06-23,54,22,76
"E54000043",2022-06-24,50,44,94
"E54000043",2022-06-25,44,27,71
"E54000043",2022-06-26,33,16,49
"E54000043",2022-06-27,35,37,72
"E54000043",2022-06-28,39,49,88
"E54000043",2022-06-29,45,33,78
"E54000043",2022-06-30,62,33,95
"E54000056",2022-07-01,116,102,218
"E54000056",2022-07-02,101,77,178
"E54000056",2022-07-03,67,20,87
"E54000056",2022-07-04,72,52,124
"E54000056",2022-07-05,116,86,202
"E54000056",2022-07-06,124,88,212
"E54000056",2022-07-07,112,81,193
"E54000056",2022-07-08,108,90,198
"E54000056",2022-07-09,107,75,182
"E54000056",2022-07-10,67,28,95
"E54000056",2022-07-11,72,58,130
"E54000056",2022-07-12,92,79,171
"E54000056",2022-07-13,111,89,200
"E54000056",2022-07-14,111,93,204
"E54000056",2022-07-15,115,84,199
"E54000056",2022-07-16,112,78,190
"E54000056",2022-07-17,70,50,120
"E54000056",2022-07-18,85,58,143
"E54000056",2022-07-19,103,85,188
"E54000056",2022-07-20,126,87,213
"E54000056",2022-07-21,114,91,205
"E54000056",2022-07-22,141,97,238
"E54000056",2022-07-23,112,87,199
"E54000056",2022-07-24,69,34,103
"E54000056",2022-07-25,80,56,136
"E54000056",2022-07-26,119,66,185
"E54000056",2022-07-27,107,103,210
"E54000056",2022-07-28,116,71,187
"E54000056",2022-07-29,136,78,214
"E54000056",2022-07-30,100,39,139
"E54000056",2022-07-31,70,30,100
"E54000022",2022-07-01,178,112,290
"E54000022",2022-07-02,160,80,240
"E54000022",2022-07-03,118,47,165
"E54000022",2022-07-04,116,74,190
"E54000022",2022-07-05,159,95,254
"E54000022",2022-07-06,160,83,243
"E54000022",2022-07-07,165,83,248
"E54000022",2022-07-08,175,86,261
"E54000022",2022-07-09,144,84,228
"E54000022",2022-07-10,101,57,158
"E54000022",2022-07-11,86,66,152
"E54000022",2022-07-12,112,80,192
"E54000022",2022-07-13,128,82,210
"E54000022",2022-07-14,131,55,186
"E54000022",2022-07-15,120,60,180
"E54000022",2022-07-16,116,69,185
"E54000022",2022-07-17,95,42,137
"E54000022",2022-07-18,118,75,193
"E54000022",2022-07-19,164,91,255
"E54000022",2022-07-20,150,106,256
"E54000022",2022-07-21,153,94,247
"E54000022",2022-07-22,179,88,267
"E54000022",2022-07-23,150,92,242
"E54000022",2022-07-24,96,42,138
"E54000022",2022-07-25,106,91,197
"E54000022",2022-07-26,119,89,208
"E54000022",2022-07-27,199,106,305
"E54000022",2022-07-28,163,94,257
"E54000022",2022-07-29,179,109,288
"E54000022",2022-07-30,134,104,238
"E54000022",2022-07-31,101,46,147
"E54000023",2022-07-01,172,80,252
"E54000023",2022-07-02,103,49,152
"E54000023",2022-07-03,82,31,113
"E54000023",2022-07-04,104,37,141
"E54000023",2022-07-05,131,79,210
"E54000023",2022-07-06,134,81,215
"E54000023",2022-07-07,142,95,237
"E54000023",2022-07-08,155,95,250
"E54000023",2022-07-09,133,65,198
"E54000023",2022-07-10,79,43,122
"E54000023",2022-07-11,79,61,140
"E54000023",2022-07-12,111,83,194
"E54000023",2022-07-13,131,90,221
"E54000023",2022-07-14,112,76,188
"E54000023",2022-07-15,154,77,231
"E54000023",2022-07-16,109,80,189
"E54000023",2022-07-17,84,37,121
"E54000023",2022-07-18,118,103,221
"E54000023",2022-07-19,127,80,207
"E54000023",2022-07-20,146,73,219
"E54000023",2022-07-21,139,79,218
"E54000023",2022-07-22,136,111,247
"E54000023",2022-07-23,79,59,138
"E54000023",2022-07-24,60,43,103
"E54000023",2022-07-25,110,98,208
"E54000023",2022-07-26,133,73,206
"E54000023",2022-07-27,151,71,222
"E54000023",2022-07-28,140,71,211
"E54000023",2022-07-29,154,105,259
"E54000023",2022-07-30,99,47,146
"E54000023",2022-07-31,64,36,100
"E54000024",2022-07-01,114,74,188
"E54000024",2022-07-02,73,40,113
"E54000024",2022-07-03,46,30,76
"E54000024",2022-07-04,115,61,176
"E54000024",2022-07-05,109,67,176
"E54000024",2022-07-06,140,63,203
"E54000024",2022-07-07,125,64,189
"E54000024",2022-07-08,127,68,195
"E54000024",2022-07-09,44,38,82
"E54000024",2022-07-10,58,16,74
"E54000024",2022-07-11,131,45,176
"E54000024",2022-07-12,140,36,176
"E54000024",2022-07-13,153,59,212
"E54000024",2022-07-14,116,40,156
"E54000024",2022-07-15,119,65,184
"E54000024",2022-07-16,50,37,87
"E54000024",2022-07-17,43,42,85
"E54000024",2022-07-18,124,59,183
"E54000024",2022-07-19,140,48,188
"E54000024",2022-07-20,136,48,184
"E54000024",2022-07-21,101,47,148
"E54000024",2022-07-22,132,54,186
"E54000024",2022-07-23,61,40,101
"E54000024",2022-07-24,44,36,80
"E54000024",2022-07-25,105,48,153
"E54000024",2022-07-26,119,71,190
"E54000024",2022-07-27,137,79,216
"E54000024",2022-07-28,143,42,185
"E54000024",2022-07-29,133,54,187
"E54000024",2022-07-30,57,38,95
"E54000024",2022-07-31,73,37,110
"E54000025",2022-07-01,82,90,172
"E54000025",2022-07-02,74,31,105
"E54000025",2022-07-03,64,31,95
"E54000025",2022-07-04,104,92,196
"E54000025",2022-07-05,137,71,208
"E54000025",2022-07-06,111,65,176
"E54000025",2022-07-07,77,48,125
"E54000025",2022-07-08,87,58,145
"E54000025",2022-07-09,65,40,105
"E54000025",2022-07-10,95,50,145
"E54000025",2022-07-11,108,87,195
"E54000025",2022-07-12,128,90,218
"E54000025",2022-07-13,107,80,187
"E54000025",2022-07-14,84,58,142
"E54000025",2022-07-15,72,67,139
"E54000025",2022-07-16,44,31,75
"E54000025",2022-07-17,64,40,104
"E54000025",2022-07-18,100,92,192
"E54000025",2022-07-19,125,95,220
"E54000025",2022-07-20,82,69,151
"E54000025",2022-07-21,77,44,121
"E54000025",2022-07-22,76,62,138
"E54000025",2022-07-23,57,33,90
"E54000025",2022-07-24,76,37,113
"E54000025",2022-07-25,112,73,185
"E54000025",2022-07-26,110,80,190
"E54000025",2022-07-27,128,74,202
"E54000025",2022-07-28,150,103,253
"E54000025",2022-07-29,128,109,237
"E54000025",2022-07-30,81,52,133
"E54000025",2022-07-31,85,49,134
"E54000026",2022-07-01,0,0,0
"E54000026",2022-07-02,0,0,0
"E54000026",2022-07-03,0,0,0
"E54000026",2022-07-04,0,0,0
"E54000026",2022-07-05,0,0,0
"E54000026",2022-07-06,0,0,0
"E54000026",2022-07-07,0,0,0
"E54000026",2022-07-08,0,0,0
"E54000026",2022-07-09,0,0,0
"E54000026",2022-07-10,0,0,0
"E54000026",2022-07-11,15,4,19
"E54000026",2022-07-12,16,7,23
"E54000026",2022-07-13,49,19,68
"E54000026",2022-07-14,0,0,0
"E54000026",2022-07-15,49,18,67
"E54000026",2022-07-16,33,13,46
"E54000026",2022-07-17,0,0,0
"E54000026",2022-07-18,0,0,0
"E54000026",2022-07-19,13,4,17
"E54000026",2022-07-20,25,10,35
"E54000026",2022-07-21,35,12,47
"E54000026",2022-07-22,41,14,55
"E54000026",2022-07-23,45,17,62
"E54000026",2022-07-24,0,0,0
"E54000026",2022-07-25,0,0,0
"E54000026",2022-07-26,13,4,17
"E54000026",2022-07-27,25,10,35
"E54000026",2022-07-28,35,12,47
"E54000026",2022-07-29,41,14,55
"E54000026",2022-07-30,45,17,62
"E54000026",2022-07-31,0,0,0
"E54000027",2022-07-01,249,118,367
"E54000027",2022-07-02,270,92,362
"E54000027",2022-07-03,160,56,216
"E54000027",2022-07-04,154,56,210
"E54000027",2022-07-05,200,112,312
"E54000027",2022-07-06,264,122,386
"E54000027",2022-07-07,264,106,370
"E54000027",2022-07-08,243,139,382
"E54000027",2022-07-09,195,97,292
"E54000027",2022-07-10,134,44,178
"E54000027",2022-07-11,131,64,195
"E54000027",2022-07-12,192,102,294
"E54000027",2022-07-13,225,114,339
"E54000027",2022-07-14,271,115,386
"E54000027",2022-07-15,266,115,381
"E54000027",2022-07-16,190,81,271
"E54000027",2022-07-17,145,44,189
"E54000027",2022-07-18,158,72,230
"E54000027",2022-07-19,190,106,296
"E54000027",2022-07-20,284,117,401
"E54000027",2022-07-21,255,110,365
"E54000027",2022-07-22,230,109,339
"E54000027",2022-07-23,206,85,291
"E54000027",2022-07-24,140,48,188
"E54000027",2022-07-25,154,79,233
"E54000027",2022-07-26,186,121,307
"E54000027",2022-07-27,269,98,367
"E54000027",2022-07-28,281,111,392
"E54000027",2022-07-29,256,112,368
"E54000027",2022-07-30,234,82,316
"E54000027",2022-07-31,115,48,163
"E54000028",2022-07-01,113,127,240
"E54000028",2022-07-02,154,125,279
"E54000028",2022-07-03,116,67,183
"E54000028",2022-07-04,85,86,171
"E54000028",2022-07-05,110,131,241
"E54000028",2022-07-06,172,151,323
"E54000028",2022-07-07,159,134,293
"E54000028",2022-07-08,163,123,286
"E54000028",2022-07-09,151,122,273
"E54000028",2022-07-10,112,82,194
"E54000028",2022-07-11,78,86,164
"E54000028",2022-07-12,125,118,243
"E54000028",2022-07-13,152,118,270
"E54000028",2022-07-14,152,156,308
"E54000028",2022-07-15,135,119,254
"E54000028",2022-07-16,148,147,295
"E54000028",2022-07-17,82,79,161
"E54000028",2022-07-18,61,80,141
"E54000028",2022-07-19,111,111,222
"E54000028",2022-07-20,133,119,252
"E54000028",2022-07-21,148,123,271
"E54000028",2022-07-22,162,139,301
"E54000028",2022-07-23,127,145,272
"E54000028",2022-07-24,86,71,157
"E54000028",2022-07-25,96,89,185
"E54000028",2022-07-26,125,110,235
"E54000028",2022-07-27,157,137,294
"E54000028",2022-07-28,147,134,281
"E54000028",2022-07-29,189,122,311
"E54000028",2022-07-30,129,144,273
"E54000028",2022-07-31,89,81,170
"E54000029",2022-07-01,149,98,247
"E54000029",2022-07-02,99,39,138
"E54000029",2022-07-03,59,34,93
"E54000029",2022-07-04,117,98,215
"E54000029",2022-07-05,176,114,290
"E54000029",2022-07-06,186,153,339
"E54000029",2022-07-07,175,123,298
"E54000029",2022-07-08,213,93,306
"E54000029",2022-07-09,127,105,232
"E54000029",2022-07-10,112,43,155
"E54000029",2022-07-11,92,130,222
"E54000029",2022-07-12,159,172,331
"E54000029",2022-07-13,160,177,337
"E54000029",2022-07-14,176,173,349
"E54000029",2022-07-15,162,184,346
"E54000029",2022-07-16,182,151,333
"E54000029",2022-07-17,98,74,172
"E54000029",2022-07-18,102,126,228
"E54000029",2022-07-19,168,137,305
"E54000029",2022-07-20,182,133,315
"E54000029",2022-07-21,179,145,324
"E54000029",2022-07-22,157,175,332
"E54000029",2022-07-23,147,133,280
"E54000029",2022-07-24,113,88,201
"E54000029",2022-07-25,117,125,242
"E54000029",2022-07-26,158,171,329
"E54000029",2022-07-27,197,165,362
"E54000029",2022-07-28,186,144,330
"E54000029",2022-07-29,186,164,350
"E54000029",2022-07-30,89,85,174
"E54000029",2022-07-31,82,60,142
"E54000030",2022-07-01,196,101,297
"E54000030",2022-07-02,133,128,261
"E54000030",2022-07-03,124,58,182
"E54000030",2022-07-04,199,146,345
"E54000030",2022-07-05,244,137,381
"E54000030",2022-07-06,155,170,325
"E54000030",2022-07-07,247,121,368
"E54000030",2022-07-08,210,133,343
"E54000030",2022-07-09,131,56,187
"E54000030",2022-07-10,93,52,145
"E54000030",2022-07-11,177,114,291
"E54000030",2022-07-12,222,182,404
"E54000030",2022-07-13,237,136,373
"E54000030",2022-07-14,229,133,362
"E54000030",2022-07-15,201,133,334
"E54000030",2022-07-16,128,81,209
"E54000030",2022-07-17,102,60,162
"E54000030",2022-07-18,55,40,95
"E54000030",2022-07-19,81,42,123
"E54000030",2022-07-20,85,46,131
"E54000030",2022-07-21,85,35,120
"E54000030",2022-07-22,71,37,108
"E54000030",2022-07-23,46,20,66
"E54000030",2022-07-24,45,32,77
"E54000030",2022-07-25,62,47,109
"E54000030",2022-07-26,66,63,129
"E54000030",2022-07-27,62,57,119
"E54000030",2022-07-28,88,35,123
"E54000030",2022-07-29,51,61,112
"E54000030",2022-07-30,28,22,50
"E54000030",2022-07-31,59,20,79
"E54000031",2022-07-01,145,121,266
"E54000031",2022-07-02,75,50,125
"E54000031",2022-07-03,74,32,106
"E54000031",2022-07-04,108,89,197
"E54000031",2022-07-05,138,97,235
"E54000031",2022-07-06,137,99,236
"E54000031",2022-07-07,174,98,272
"E54000031",2022-07-08,145,111,256
"E54000031",2022-07-09,103,49,152
"E54000031",2022-07-10,60,23,83
"E54000031",2022-07-11,89,102,191
"E54000031",2022-07-12,133,117,250
"E54000031",2022-07-13,159,101,260
"E54000031",2022-07-14,150,112,262
"E54000031",2022-07-15,139,110,249
"E54000031",2022-07-16,95,57,152
"E54000031",2022-07-17,60,42,102
"E54000031",2022-07-18,79,81,160
"E54000031",2022-07-19,135,82,217
"E54000031",2022-07-20,141,108,249
"E54000031",2022-07-21,144,122,266
"E54000031",2022-07-22,152,122,274
"E54000031",2022-07-23,102,59,161
"E54000031",2022-07-24,70,54,124
"E54000031",2022-07-25,104,87,191
"E54000031",2022-07-26,120,121,241
"E54000031",2022-07-27,101,61,162
"E54000031",2022-07-28,143,86,229
"E54000031",2022-07-29,123,77,200
"E54000031",2022-07-30,111,56,167
"E54000031",2022-07-31,81,36,117
"E54000010",2022-07-01,86,57,143
"E54000010",2022-07-02,72,30,102
"E54000010",2022-07-03,65,29,94
"E54000010",2022-07-04,70,52,122
"E54000010",2022-07-05,83,63,146
"E54000010",2022-07-06,128,63,191
"E54000010",2022-07-07,91,62,153
"E54000010",2022-07-08,70,39,109
"E54000010",2022-07-09,72,39,111
"E54000010",2022-07-10,65,29,94
"E54000010",2022-07-11,85,52,137
"E54000010",2022-07-12,97,53,150
"E54000010",2022-07-13,92,34,126
"E54000010",2022-07-14,98,53,151
"E54000010",2022-07-15,87,62,149
"E54000010",2022-07-16,76,45,121
"E54000010",2022-07-17,44,37,81
"E54000010",2022-07-18,64,45,109
"E54000010",2022-07-19,91,44,135
"E54000010",2022-07-20,69,37,106
"E54000010",2022-07-21,106,49,155
"E54000010",2022-07-22,92,61,153
"E54000010",2022-07-23,67,44,111
"E54000010",2022-07-24,52,25,77
"E54000010",2022-07-25,77,64,141
"E54000010",2022-07-26,105,44,149
"E54000010",2022-07-27,97,55,152
"E54000010",2022-07-28,109,51,160
"E54000010",2022-07-29,80,56,136
"E54000010",2022-07-30,59,42,101
"E54000010",2022-07-31,53,14,67
"E54000011",2022-07-01,57,55,112
"E54000011",2022-07-02,71,71,142
"E54000011",2022-07-03,42,33,75
"E54000011",2022-07-04,22,18,40
"E54000011",2022-07-05,48,49,97
"E54000011",2022-07-06,43,47,90
"E54000011",2022-07-07,56,54,110
"E54000011",2022-07-08,77,47,124
"E54000011",2022-07-09,78,72,150
"E54000011",2022-07-10,41,35,76
"E54000011",2022-07-11,18,20,38
"E54000011",2022-07-12,50,57,107
"E54000011",2022-07-13,63,59,122
"E54000011",2022-07-14,53,49,102
"E54000011",2022-07-15,60,47,107
"E54000011",2022-07-16,60,57,117
"E54000011",2022-07-17,35,30,65
"E54000011",2022-07-18,26,21,47
"E54000011",2022-07-19,30,56,86
"E54000011",2022-07-20,57,52,109
"E54000011",2022-07-21,54,52,106
"E54000011",2022-07-22,58,43,101
"E54000011",2022-07-23,57,71,128
"E54000011",2022-07-24,39,21,60
"E54000011",2022-07-25,26,20,46
"E54000011",2022-07-26,40,43,83
"E54000011",2022-07-27,54,46,100
"E54000011",2022-07-28,42,65,107
"E54000011",2022-07-29,47,63,110
"E54000011",2022-07-30,51,63,114
"E54000011",2022-07-31,35,33,68
"E54000058",2022-07-01,111,91,202
"E54000058",2022-07-02,133,106,239
"E54000058",2022-07-03,65,59,124
"E54000058",2022-07-04,112,54,166
"E54000058",2022-07-05,133,102,235
"E54000058",2022-07-06,151,129,280
"E54000058",2022-07-07,165,82,247
"E54000058",2022-07-08,175,97,272
"E54000058",2022-07-09,121,126,247
"E54000058",2022-07-10,104,47,151
"E54000058",2022-07-11,126,54,180
"E54000058",2022-07-12,125,92,217
"E54000058",2022-07-13,155,101,256
"E54000058",2022-07-14,136,72,208
"E54000058",2022-07-15,175,114,289
"E54000058",2022-07-16,137,94,231
"E54000058",2022-07-17,133,50,183
"E54000058",2022-07-18,106,48,154
"E54000058",2022-07-19,112,76,188
"E54000058",2022-07-20,155,100,255
"E54000058",2022-07-21,178,110,288
"E54000058",2022-07-22,197,104,301
"E54000058",2022-07-23,137,106,243
"E54000058",2022-07-24,103,43,146
"E54000058",2022-07-25,105,69,174
"E54000058",2022-07-26,138,110,248
"E54000058",2022-07-27,187,105,292
"E54000058",2022-07-28,174,128,302
"E54000058",2022-07-29,144,106,250
"E54000058",2022-07-30,155,108,263
"E54000058",2022-07-31,124,49,173
"E54000013",2022-07-01,60,68,128
"E54000013",2022-07-02,45,27,72
"E54000013",2022-07-03,39,50,89
"E54000013",2022-07-04,51,83,134
"E54000013",2022-07-05,98,100,198
"E54000013",2022-07-06,85,106,191
"E54000013",2022-07-07,71,76,147
"E54000013",2022-07-08,82,102,184
"E54000013",2022-07-09,63,46,109
"E54000013",2022-07-10,54,35,89
"E54000013",2022-07-11,64,74,138
"E54000013",2022-07-12,74,110,184
"E54000013",2022-07-13,99,79,178
"E54000013",2022-07-14,98,84,182
"E54000013",2022-07-15,65,95,160
"E54000013",2022-07-16,59,65,124
"E54000013",2022-07-17,49,38,87
"E54000013",2022-07-18,75,78,153
"E54000013",2022-07-19,100,78,178
"E54000013",2022-07-20,76,99,175
"E54000013",2022-07-21,80,78,158
"E54000013",2022-07-22,77,83,160
"E54000013",2022-07-23,47,43,90
"E54000013",2022-07-24,65,45,110
"E54000013",2022-07-25,65,88,153
"E54000013",2022-07-26,78,77,155
"E54000013",2022-07-27,103,86,189
"E54000013",2022-07-28,54,96,150
"E54000013",2022-07-29,76,63,139
"E54000013",2022-07-30,48,47,95
"E54000013",2022-07-31,62,40,102
"E54000060",2022-07-01,208,154,362
"E54000060",2022-07-02,188,138,326
"E54000060",2022-07-03,128,62,190
"E54000060",2022-07-04,100,45,145
"E54000060",2022-07-05,162,136,298
"E54000060",2022-07-06,193,130,323
"E54000060",2022-07-07,188,103,291
"E54000060",2022-07-08,204,127,331
"E54000060",2022-07-09,202,149,351
"E54000060",2022-07-10,134,55,189
"E54000060",2022-07-11,96,44,140
"E54000060",2022-07-12,166,120,286
"E54000060",2022-07-13,219,100,319
"E54000060",2022-07-14,206,108,314
"E54000060",2022-07-15,209,123,332
"E54000060",2022-07-16,214,125,339
"E54000060",2022-07-17,111,50,161
"E54000060",2022-07-18,97,41,138
"E54000060",2022-07-19,140,124,264
"E54000060",2022-07-20,192,102,294
"E54000060",2022-07-21,215,127,342
"E54000060",2022-07-22,186,116,302
"E54000060",2022-07-23,175,78,253
"E54000060",2022-07-24,105,61,166
"E54000060",2022-07-25,93,50,143
"E54000060",2022-07-26,148,119,267
"E54000060",2022-07-27,198,120,318
"E54000060",2022-07-28,220,117,337
"E54000060",2022-07-29,211,120,331
"E54000060",2022-07-30,194,152,346
"E54000060",2022-07-31,135,55,190
"E54000015",2022-07-01,134,143,277
"E54000015",2022-07-02,120,70,190
"E54000015",2022-07-03,92,54,146
"E54000015",2022-07-04,103,89,192
"E54000015",2022-07-05,133,132,265
"E54000015",2022-07-06,143,142,285
"E54000015",2022-07-07,139,121,260
"E54000015",2022-07-08,149,117,266
"E54000015",2022-07-09,111,68,179
"E54000015",2022-07-10,75,48,123
"E54000015",2022-07-11,94,117,211
"E54000015",2022-07-12,117,108,225
"E54000015",2022-07-13,137,151,288
"E54000015",2022-07-14,135,122,257
"E54000015",2022-07-15,134,131,265
"E54000015",2022-07-16,95,74,169
"E54000015",2022-07-17,83,43,126
"E54000015",2022-07-18,96,100,196
"E54000015",2022-07-19,130,116,246
"E54000015",2022-07-20,120,118,238
"E54000015",2022-07-21,126,118,244
"E54000015",2022-07-22,112,90,202
"E54000015",2022-07-23,111,78,189
"E54000015",2022-07-24,92,53,145
"E54000015",2022-07-25,93,126,219
"E54000015",2022-07-26,145,127,272
"E54000015",2022-07-27,124,134,258
"E54000015",2022-07-28,150,99,249
"E54000015",2022-07-29,142,157,299
"E54000015",2022-07-30,101,41,142
"E54000015",2022-07-31,92,53,145
"E54000062",2022-07-01,191,114,305
"E54000062",2022-07-02,173,98,271
"E54000062",2022-07-03,125,75,200
"E54000062",2022-07-04,153,61,214
"E54000062",2022-07-05,130,109,239
"E54000062",2022-07-06,201,132,333
"E54000062",2022-07-07,166,102,268
"E54000062",2022-07-08,202,126,328
"E54000062",2022-07-09,177,124,301
"E54000062",2022-07-10,103,48,151
"E54000062",2022-07-11,115,53,168
"E54000062",2022-07-12,147,96,243
"E54000062",2022-07-13,168,120,288
"E54000062",2022-07-14,198,125,323
"E54000062",2022-07-15,200,135,335
"E54000062",2022-07-16,164,140,304
"E54000062",2022-07-17,134,60,194
"E54000062",2022-07-18,126,61,187
"E54000062",2022-07-19,173,109,282
"E54000062",2022-07-20,224,138,362
"E54000062",2022-07-21,212,124,336
"E54000062",2022-07-22,177,117,294
"E54000062",2022-07-23,200,144,344
"E54000062",2022-07-24,126,59,185
"E54000062",2022-07-25,166,66,232
"E54000062",2022-07-26,196,127,323
"E54000062",2022-07-27,196,87,283
"E54000062",2022-07-28,174,120,294
"E54000062",2022-07-29,208,126,334
"E54000062",2022-07-30,165,139,304
"E54000062",2022-07-31,118,80,198
"E54000055",2022-07-01,29,24,53
"E54000055",2022-07-02,31,24,55
"E54000055",2022-07-03,23,20,43
"E54000055",2022-07-04,1,0,1
"E54000055",2022-07-05,18,26,44
"E54000055",2022-07-06,0,0,0
"E54000055",2022-07-07,0,0,0
"E54000055",2022-07-08,0,0,0
"E54000055",2022-07-09,39,38,77
"E54000055",2022-07-10,0,0,0
"E54000055",2022-07-11,20,8,28
"E54000055",2022-07-12,19,16,35
"E54000055",2022-07-13,29,25,54
"E54000055",2022-07-14,36,21,57
"E54000055",2022-07-15,30,17,47
"E54000055",2022-07-16,27,19,46
"E54000055",2022-07-17,14,13,27
"E54000055",2022-07-18,13,9,22
"E54000055",2022-07-19,14,19,33
"E54000055",2022-07-20,20,24,44
"E54000055",2022-07-21,20,21,41
"E54000055",2022-07-22,16,20,36
"E54000055",2022-07-23,20,26,46
"E54000055",2022-07-24,24,18,42
"E54000055",2022-07-25,27,14,41
"E54000055",2022-07-26,23,18,41
"E54000055",2022-07-27,24,17,41
"E54000055",2022-07-28,37,23,60
"E54000055",2022-07-29,42,32,74
"E54000055",2022-07-30,25,26,51
"E54000055",2022-07-31,12,6,18
"E54000018",2022-07-01,142,126,268
"E54000018",2022-07-02,84,84,168
"E54000018",2022-07-03,72,63,135
"E54000018",2022-07-04,67,80,147
"E54000018",2022-07-05,75,104,179
"E54000018",2022-07-06,113,106,219
"E54000018",2022-07-07,115,100,215
"E54000018",2022-07-08,123,87,210
"E54000018",2022-07-09,103,83,186
"E54000018",2022-07-10,56,33,89
"E54000018",2022-07-11,65,62,127
"E54000018",2022-07-12,102,105,207
"E54000018",2022-07-13,103,82,185
"E54000018",2022-07-14,109,97,206
"E54000018",2022-07-15,110,103,213
"E54000018",2022-07-16,118,76,194
"E54000018",2022-07-17,88,34,122
"E54000018",2022-07-18,64,85,149
"E54000018",2022-07-19,88,67,155
"E54000018",2022-07-20,111,99,210
"E54000018",2022-07-21,130,103,233
"E54000018",2022-07-22,136,90,226
"E54000018",2022-07-23,122,90,212
"E54000018",2022-07-24,76,32,108
"E54000018",2022-07-25,57,50,107
"E54000018",2022-07-26,97,95,192
"E54000018",2022-07-27,136,85,221
"E54000018",2022-07-28,132,77,209
"E54000018",2022-07-29,139,97,236
"E54000018",2022-07-30,95,88,183
"E54000018",2022-07-31,97,50,147
"E54000019",2022-07-01,33,27,60
"E54000019",2022-07-02,24,25,49
"E54000019",2022-07-03,20,11,31
"E54000019",2022-07-04,18,9,27
"E54000019",2022-07-05,21,23,44
"E54000019",2022-07-06,24,23,47
"E54000019",2022-07-07,30,10,40
"E54000019",2022-07-08,37,22,59
"E54000019",2022-07-09,24,16,40
"E54000019",2022-07-10,13,16,29
"E54000019",2022-07-11,19,20,39
"E54000019",2022-07-12,29,24,53
"E54000019",2022-07-13,16,30,46
"E54000019",2022-07-14,28,19,47
"E54000019",2022-07-15,18,27,45
"E54000019",2022-07-16,27,17,44
"E54000019",2022-07-17,18,7,25
"E54000019",2022-07-18,11,5,16
"E54000019",2022-07-19,29,27,56
"E54000019",2022-07-20,24,17,41
"E54000019",2022-07-21,34,13,47
"E54000019",2022-07-22,22,36,58
"E54000019",2022-07-23,14,19,33
"E54000019",2022-07-24,13,5,18
"E54000019",2022-07-25,23,20,43
"E54000019",2022-07-26,29,24,53
"E54000019",2022-07-27,21,17,38
"E54000019",2022-07-28,28,21,49
"E54000019",2022-07-29,20,27,47
"E54000019",2022-07-30,13,17,30
"E54000019",2022-07-31,16,17,33
"E54000059",2022-07-01,50,43,93
"E54000059",2022-07-02,35,44,79
"E54000059",2022-07-03,37,15,52
"E54000059",2022-07-04,54,29,83
"E54000059",2022-07-05,54,41,95
"E54000059",2022-07-06,75,64,139
"E54000059",2022-07-07,87,44,131
"E54000059",2022-07-08,91,40,131
"E54000059",2022-07-09,87,60,147
"E54000059",2022-07-10,62,39,101
"E54000059",2022-07-11,38,16,54
"E54000059",2022-07-12,62,48,110
"E54000059",2022-07-13,80,46,126
"E54000059",2022-07-14,65,45,110
"E54000059",2022-07-15,71,62,133
"E54000059",2022-07-16,65,60,125
"E54000059",2022-07-17,48,36,84
"E54000059",2022-07-18,36,12,48
"E54000059",2022-07-19,51,57,108
"E54000059",2022-07-20,72,47,119
"E54000059",2022-07-21,74,43,117
"E54000059",2022-07-22,110,65,175
"E54000059",2022-07-23,110,65,175
"E54000059",2022-07-24,84,36,120
"E54000059",2022-07-25,48,27,75
"E54000059",2022-07-26,57,40,97
"E54000059",2022-07-27,83,57,140
"E54000059",2022-07-28,89,41,130
"E54000059",2022-07-29,86,67,153
"E54000059",2022-07-30,84,68,152
"E54000059",2022-07-31,64,40,104
"E54000061",2022-07-01,187,183,370
"E54000061",2022-07-02,227,133,360
"E54000061",2022-07-03,125,90,215
"E54000061",2022-07-04,143,125,268
"E54000061",2022-07-05,155,194,349
"E54000061",2022-07-06,173,192,365
"E54000061",2022-07-07,204,175,379
"E54000061",2022-07-08,198,210,408
"E54000061",2022-07-09,220,132,352
"E54000061",2022-07-10,170,99,269
"E54000061",2022-07-11,125,121,246
"E54000061",2022-07-12,149,152,301
"E54000061",2022-07-13,183,179,362
"E54000061",2022-07-14,176,190,366
"E54000061",2022-07-15,183,199,382
"E54000061",2022-07-16,196,157,353
"E54000061",2022-07-17,116,29,145
"E54000061",2022-07-18,122,84,206
"E54000061",2022-07-19,167,153,320
"E54000061",2022-07-20,192,160,352
"E54000061",2022-07-21,172,165,337
"E54000061",2022-07-22,207,147,354
"E54000061",2022-07-23,225,147,372
"E54000061",2022-07-24,139,92,231
"E54000061",2022-07-25,141,108,249
"E54000061",2022-07-26,84,75,159
"E54000061",2022-07-27,157,179,336
"E54000061",2022-07-28,187,160,347
"E54000061",2022-07-29,158,181,339
"E54000061",2022-07-30,176,151,327
"E54000061",2022-07-31,124,66,190
"E54000050",2022-07-01,445,367,812
"E54000050",2022-07-02,334,312,646
"E54000050",2022-07-03,329,206,535
"E54000050",2022-07-04,310,238,548
"E54000050",2022-07-05,395,341,736
"E54000050",2022-07-06,422,331,753
"E54000050",2022-07-07,409,344,753
"E54000050",2022-07-08,418,332,750
"E54000050",2022-07-09,329,286,615
"E54000050",2022-07-10,288,218,506
"E54000050",2022-07-11,279,233,512
"E54000050",2022-07-12,384,309,693
"E54000050",2022-07-13,435,328,763
"E54000050",2022-07-14,396,337,733
"E54000050",2022-07-15,379,315,694
"E54000050",2022-07-16,317,247,564
"E54000050",2022-07-17,229,174,403
"E54000050",2022-07-18,265,234,499
"E54000050",2022-07-19,357,328,685
"E54000050",2022-07-20,386,312,698
"E54000050",2022-07-21,392,314,706
"E54000050",2022-07-22,413,299,712
"E54000050",2022-07-23,349,274,623
"E54000050",2022-07-24,302,243,545
"E54000050",2022-07-25,343,293,636
"E54000050",2022-07-26,392,329,721
"E54000050",2022-07-27,409,333,742
"E54000050",2022-07-28,437,332,769
"E54000050",2022-07-29,404,324,728
"E54000050",2022-07-30,345,273,618
"E54000050",2022-07-31,259,231,490
"E54000051",2022-07-01,204,161,365
"E54000051",2022-07-02,98,71,169
"E54000051",2022-07-03,80,51,131
"E54000051",2022-07-04,131,120,251
"E54000051",2022-07-05,183,118,301
"E54000051",2022-07-06,194,163,357
"E54000051",2022-07-07,208,126,334
"E54000051",2022-07-08,206,143,349
"E54000051",2022-07-09,128,81,209
"E54000051",2022-07-10,91,36,127
"E54000051",2022-07-11,139,145,284
"E54000051",2022-07-12,184,171,355
"E54000051",2022-07-13,214,135,349
"E54000051",2022-07-14,192,133,325
"E54000051",2022-07-15,193,176,369
"E54000051",2022-07-16,126,76,202
"E54000051",2022-07-17,101,48,149
"E54000051",2022-07-18,162,141,303
"E54000051",2022-07-19,160,137,297
"E54000051",2022-07-20,218,148,366
"E54000051",2022-07-21,158,99,257
"E54000051",2022-07-22,211,158,369
"E54000051",2022-07-23,137,92,229
"E54000051",2022-07-24,105,50,155
"E54000051",2022-07-25,155,124,279
"E54000051",2022-07-26,172,160,332
"E54000051",2022-07-27,206,157,363
"E54000051",2022-07-28,206,146,352
"E54000051",2022-07-29,197,160,357
"E54000051",2022-07-30,116,101,217
"E54000051",2022-07-31,102,45,147
"E54000054",2022-07-01,378,223,601
"E54000054",2022-07-02,260,170,430
"E54000054",2022-07-03,199,123,322
"E54000054",2022-07-04,264,141,405
"E54000054",2022-07-05,323,211,534
"E54000054",2022-07-06,344,202,546
"E54000054",2022-07-07,359,196,555
"E54000054",2022-07-08,342,215,557
"E54000054",2022-07-09,237,197,434
"E54000054",2022-07-10,245,122,367
"E54000054",2022-07-11,219,143,362
"E54000054",2022-07-12,304,176,480
"E54000054",2022-07-13,367,233,600
"E54000054",2022-07-14,339,257,596
"E54000054",2022-07-15,353,260,613
"E54000054",2022-07-16,273,183,456
"E54000054",2022-07-17,233,119,352
"E54000054",2022-07-18,241,167,408
"E54000054",2022-07-19,318,204,522
"E54000054",2022-07-20,321,206,527
"E54000054",2022-07-21,318,205,523
"E54000054",2022-07-22,391,216,607
"E54000054",2022-07-23,286,169,455
"E54000054",2022-07-24,222,109,331
"E54000054",2022-07-25,233,164,397
"E54000054",2022-07-26,336,192,528
"E54000054",2022-07-27,376,210,586
"E54000054",2022-07-28,336,211,547
"E54000054",2022-07-29,340,195,535
"E54000054",2022-07-30,278,190,468
"E54000054",2022-07-31,237,122,359
"E54000057",2022-07-01,352,133,485
"E54000057",2022-07-02,318,102,420
"E54000057",2022-07-03,204,66,270
"E54000057",2022-07-04,255,63,318
"E54000057",2022-07-05,304,108,412
"E54000057",2022-07-06,393,108,501
"E54000057",2022-07-07,379,137,516
"E54000057",2022-07-08,392,139,531
"E54000057",2022-07-09,258,115,373
"E54000057",2022-07-10,183,86,269
"E54000057",2022-07-11,279,137,416
"E54000057",2022-07-12,337,165,502
"E54000057",2022-07-13,345,130,475
"E54000057",2022-07-14,299,127,426
"E54000057",2022-07-15,285,139,424
"E54000057",2022-07-16,224,66,290
"E54000057",2022-07-17,149,54,203
"E54000057",2022-07-18,272,105,377
"E54000057",2022-07-19,353,94,447
"E54000057",2022-07-20,431,122,553
"E54000057",2022-07-21,417,119,536
"E54000057",2022-07-22,318,132,450
"E54000057",2022-07-23,228,62,290
"E54000057",2022-07-24,170,51,221
"E54000057",2022-07-25,283,128,411
"E54000057",2022-07-26,303,140,443
"E54000057",2022-07-27,345,131,476
"E54000057",2022-07-28,333,123,456
"E54000057",2022-07-29,302,139,441
"E54000057",2022-07-30,175,60,235
"E54000057",2022-07-31,260,45,305
"E54000008",2022-07-01,271,168,439
"E54000008",2022-07-02,174,97,271
"E54000008",2022-07-03,102,56,158
"E54000008",2022-07-04,187,154,341
"E54000008",2022-07-05,209,185,394
"E54000008",2022-07-06,221,150,371
"E54000008",2022-07-07,226,136,362
"E54000008",2022-07-08,230,177,407
"E54000008",2022-07-09,175,115,290
"E54000008",2022-07-10,87,61,148
"E54000008",2022-07-11,182,186,368
"E54000008",2022-07-12,250,164,414
"E54000008",2022-07-13,242,177,419
"E54000008",2022-07-14,246,179,425
"E54000008",2022-07-15,222,198,420
"E54000008",2022-07-16,131,93,224
"E54000008",2022-07-17,96,59,155
"E54000008",2022-07-18,198,143,341
"E54000008",2022-07-19,234,152,386
"E54000008",2022-07-20,225,140,365
"E54000008",2022-07-21,220,157,377
"E54000008",2022-07-22,245,218,463
"E54000008",2022-07-23,141,89,230
"E54000008",2022-07-24,80,70,150
"E54000008",2022-07-25,184,177,361
"E54000008",2022-07-26,222,187,409
"E54000008",2022-07-27,234,173,407
"E54000008",2022-07-28,219,167,386
"E54000008",2022-07-29,244,199,443
"E54000008",2022-07-30,139,96,235
"E54000008",2022-07-31,107,58,165
"E54000048",2022-07-01,206,127,333
"E54000048",2022-07-02,160,101,261
"E54000048",2022-07-03,87,52,139
"E54000048",2022-07-04,123,96,219
"E54000048",2022-07-05,146,127,273
"E54000048",2022-07-06,160,117,277
"E54000048",2022-07-07,178,133,311
"E54000048",2022-07-08,183,162,345
"E54000048",2022-07-09,143,91,234
"E54000048",2022-07-10,86,84,170
"E54000048",2022-07-11,106,74,180
"E54000048",2022-07-12,131,126,257
"E54000048",2022-07-13,169,134,303
"E54000048",2022-07-14,188,152,340
"E54000048",2022-07-15,177,149,326
"E54000048",2022-07-16,152,97,249
"E54000048",2022-07-17,85,77,162
"E54000048",2022-07-18,93,88,181
"E54000048",2022-07-19,126,116,242
"E54000048",2022-07-20,170,137,307
"E54000048",2022-07-21,149,105,254
"E54000048",2022-07-22,158,122,280
"E54000048",2022-07-23,130,106,236
"E54000048",2022-07-24,97,61,158
"E54000048",2022-07-25,107,105,212
"E54000048",2022-07-26,168,115,283
"E54000048",2022-07-27,151,108,259
"E54000048",2022-07-28,145,124,269
"E54000048",2022-07-29,148,112,260
"E54000048",2022-07-30,116,117,233
"E54000048",2022-07-31,68,59,127
"E54000032",2022-07-01,177,220,397
"E54000032",2022-07-02,135,129,264
"E54000032",2022-07-03,115,68,183
"E54000032",2022-07-04,142,207,349
"E54000032",2022-07-05,174,250,424
"E54000032",2022-07-06,171,262,433
"E54000032",2022-07-07,208,250,458
"E54000032",2022-07-08,202,212,414
"E54000032",2022-07-09,138,150,288
"E54000032",2022-07-10,99,66,165
"E54000032",2022-07-11,127,205,332
"E54000032",2022-07-12,184,245,429
"E54000032",2022-07-13,196,216,412
"E54000032",2022-07-14,211,219,430
"E54000032",2022-07-15,198,190,388
"E54000032",2022-07-16,120,123,243
"E54000032",2022-07-17,99,49,148
"E54000032",2022-07-18,154,213,367
"E54000032",2022-07-19,185,216,401
"E54000032",2022-07-20,169,230,399
"E54000032",2022-07-21,194,198,392
"E54000032",2022-07-22,203,212,415
"E54000032",2022-07-23,158,127,285
"E54000032",2022-07-24,95,49,144
"E54000032",2022-07-25,162,211,373
"E54000032",2022-07-26,208,233,441
"E54000032",2022-07-27,188,242,430
"E54000032",2022-07-28,206,238,444
"E54000032",2022-07-29,234,198,432
"E54000032",2022-07-30,151,105,256
"E54000032",2022-07-31,98,61,159
"E54000034",2022-07-01,0,0,0
"E54000034",2022-07-02,0,0,0
"E54000034",2022-07-03,0,0,0
"E54000034",2022-07-04,0,0,0
"E54000034",2022-07-05,0,0,0
"E54000034",2022-07-06,0,0,0
"E54000034",2022-07-07,0,0,0
"E54000034",2022-07-08,0,0,0
"E54000034",2022-07-09,0,0,0
"E54000034",2022-07-10,0,0,0
"E54000034",2022-07-11,0,0,0
"E54000034",2022-07-12,0,0,0
"E54000034",2022-07-13,0,0,0
"E54000034",2022-07-14,0,0,0
"E54000034",2022-07-15,0,0,0
"E54000034",2022-07-16,0,0,0
"E54000034",2022-07-17,0,0,0
"E54000034",2022-07-18,0,0,0
"E54000034",2022-07-19,0,0,0
"E54000034",2022-07-20,0,0,0
"E54000034",2022-07-21,0,0,0
"E54000034",2022-07-22,0,0,0
"E54000034",2022-07-23,0,0,0
"E54000034",2022-07-24,0,0,0
"E54000034",2022-07-25,0,0,0
"E54000034",2022-07-26,0,0,0
"E54000034",2022-07-27,0,0,0
"E54000034",2022-07-28,0,0,0
"E54000034",2022-07-29,0,0,0
"E54000034",2022-07-30,0,0,0
"E54000034",2022-07-31,0,0,0
"E54000042",2022-07-01,225,118,343
"E54000042",2022-07-02,187,141,328
"E54000042",2022-07-03,101,65,166
"E54000042",2022-07-04,104,54,158
"E54000042",2022-07-05,187,121,308
"E54000042",2022-07-06,161,120,281
"E54000042",2022-07-07,215,118,333
"E54000042",2022-07-08,191,131,322
"E54000042",2022-07-09,202,99,301
"E54000042",2022-07-10,102,61,163
"E54000042",2022-07-11,131,92,223
"E54000042",2022-07-12,150,107,257
"E54000042",2022-07-13,193,107,300
"E54000042",2022-07-14,214,105,319
"E54000042",2022-07-15,232,139,371
"E54000042",2022-07-16,170,96,266
"E54000042",2022-07-17,110,49,159
"E54000042",2022-07-18,132,86,218
"E54000042",2022-07-19,182,110,292
"E54000042",2022-07-20,185,147,332
"E54000042",2022-07-21,211,114,325
"E54000042",2022-07-22,175,114,289
"E54000042",2022-07-23,148,132,280
"E54000042",2022-07-24,93,63,156
"E54000042",2022-07-25,123,67,190
"E54000042",2022-07-26,185,117,302
"E54000042",2022-07-27,206,146,352
"E54000042",2022-07-28,185,121,306
"E54000042",2022-07-29,212,144,356
"E54000042",2022-07-30,173,112,285
"E54000042",2022-07-31,116,55,171
"E54000044",2022-07-01,200,142,342
"E54000044",2022-07-02,213,111,324
"E54000044",2022-07-03,131,56,187
"E54000044",2022-07-04,122,75,197
"E54000044",2022-07-05,177,76,253
"E54000044",2022-07-06,196,93,289
"E54000044",2022-07-07,206,99,305
"E54000044",2022-07-08,190,95,285
"E54000044",2022-07-09,190,91,281
"E54000044",2022-07-10,100,37,137
"E54000044",2022-07-11,134,84,218
"E54000044",2022-07-12,188,128,316
"E54000044",2022-07-13,193,139,332
"E54000044",2022-07-14,204,123,327
"E54000044",2022-07-15,239,151,390
"E54000044",2022-07-16,176,95,271
"E54000044",2022-07-17,129,56,185
"E54000044",2022-07-18,131,105,236
"E54000044",2022-07-19,216,113,329
"E54000044",2022-07-20,192,151,343
"E54000044",2022-07-21,189,124,313
"E54000044",2022-07-22,242,133,375
"E54000044",2022-07-23,177,92,269
"E54000044",2022-07-24,118,36,154
"E54000044",2022-07-25,29,29,58
"E54000044",2022-07-26,51,40,91
"E54000044",2022-07-27,35,47,82
"E54000044",2022-07-28,43,55,98
"E54000044",2022-07-29,55,36,91
"E54000044",2022-07-30,48,71,119
"E54000044",2022-07-31,19,15,34
"E54000052",2022-07-01,113,70,183
"E54000052",2022-07-02,122,49,171
"E54000052",2022-07-03,65,27,92
"E54000052",2022-07-04,64,55,119
"E54000052",2022-07-05,97,70,167
"E54000052",2022-07-06,105,74,179
"E54000052",2022-07-07,116,68,184
"E54000052",2022-07-08,142,63,205
"E54000052",2022-07-09,97,56,153
"E54000052",2022-07-10,87,35,122
"E54000052",2022-07-11,83,56,139
"E54000052",2022-07-12,101,70,171
"E54000052",2022-07-13,119,72,191
"E54000052",2022-07-14,118,61,179
"E54000052",2022-07-15,38,38,76
"E54000052",2022-07-16,100,55,155
"E54000052",2022-07-17,83,26,109
"E54000052",2022-07-18,96,41,137
"E54000052",2022-07-19,84,62,146
"E54000052",2022-07-20,115,59,174
"E54000052",2022-07-21,115,68,183
"E54000052",2022-07-22,125,56,181
"E54000052",2022-07-23,82,33,115
"E54000052",2022-07-24,69,21,90
"E54000052",2022-07-25,70,40,110
"E54000052",2022-07-26,65,30,95
"E54000052",2022-07-27,117,40,157
"E54000052",2022-07-28,106,77,183
"E54000052",2022-07-29,100,84,184
"E54000052",2022-07-30,99,25,124
"E54000052",2022-07-31,66,20,86
"E54000053",2022-07-01,293,156,449
"E54000053",2022-07-02,206,116,322
"E54000053",2022-07-03,192,107,299
"E54000053",2022-07-04,182,81,263
"E54000053",2022-07-05,206,110,316
"E54000053",2022-07-06,257,139,396
"E54000053",2022-07-07,227,153,380
"E54000053",2022-07-08,233,127,360
"E54000053",2022-07-09,184,116,300
"E54000053",2022-07-10,125,46,171
"E54000053",2022-07-11,155,76,231
"E54000053",2022-07-12,178,135,313
"E54000053",2022-07-13,182,139,321
"E54000053",2022-07-14,198,149,347
"E54000053",2022-07-15,164,129,293
"E54000053",2022-07-16,154,119,273
"E54000053",2022-07-17,109,35,144
"E54000053",2022-07-18,155,124,279
"E54000053",2022-07-19,199,111,310
"E54000053",2022-07-20,204,126,330
"E54000053",2022-07-21,193,119,312
"E54000053",2022-07-22,203,164,367
"E54000053",2022-07-23,122,59,181
"E54000053",2022-07-24,121,48,169
"E54000053",2022-07-25,180,139,319
"E54000053",2022-07-26,189,141,330
"E54000053",2022-07-27,210,123,333
"E54000053",2022-07-28,185,130,315
"E54000053",2022-07-29,237,158,395
"E54000053",2022-07-30,181,103,284
"E54000053",2022-07-31,120,29,149
"E54000036",2022-07-01,51,42,93
"E54000036",2022-07-02,41,24,65
"E54000036",2022-07-03,26,10,36
"E54000036",2022-07-04,42,44,86
"E54000036",2022-07-05,57,38,95
"E54000036",2022-07-06,57,27,84
"E54000036",2022-07-07,53,22,75
"E54000036",2022-07-08,50,35,85
"E54000036",2022-07-09,41,15,56
"E54000036",2022-07-10,19,7,26
"E54000036",2022-07-11,30,33,63
"E54000036",2022-07-12,62,49,111
"E54000036",2022-07-13,53,34,87
"E54000036",2022-07-14,53,30,83
"E54000036",2022-07-15,50,41,91
"E54000036",2022-07-16,48,22,70
"E54000036",2022-07-17,24,14,38
"E54000036",2022-07-18,34,43,77
"E54000036",2022-07-19,42,30,72
"E54000036",2022-07-20,47,32,79
"E54000036",2022-07-21,56,44,100
"E54000036",2022-07-22,54,45,99
"E54000036",2022-07-23,44,11,55
"E54000036",2022-07-24,21,15,36
"E54000036",2022-07-25,43,40,83
"E54000036",2022-07-26,55,46,101
"E54000036",2022-07-27,48,33,81
"E54000036",2022-07-28,63,35,98
"E54000036",2022-07-29,69,46,115
"E54000036",2022-07-30,44,23,67
"E54000036",2022-07-31,21,12,33
"E54000037",2022-07-01,202,138,340
"E54000037",2022-07-02,119,64,183
"E54000037",2022-07-03,91,49,140
"E54000037",2022-07-04,138,82,220
"E54000037",2022-07-05,170,113,283
"E54000037",2022-07-06,177,113,290
"E54000037",2022-07-07,170,84,254
"E54000037",2022-07-08,168,108,276
"E54000037",2022-07-09,101,69,170
"E54000037",2022-07-10,93,44,137
"E54000037",2022-07-11,102,80,182
"E54000037",2022-07-12,159,97,256
"E54000037",2022-07-13,140,97,237
"E54000037",2022-07-14,157,91,248
"E54000037",2022-07-15,178,89,267
"E54000037",2022-07-16,119,56,175
"E54000037",2022-07-17,80,62,142
"E54000037",2022-07-18,121,77,198
"E54000037",2022-07-19,151,103,254
"E54000037",2022-07-20,133,93,226
"E54000037",2022-07-21,157,96,253
"E54000037",2022-07-22,165,110,275
"E54000037",2022-07-23,86,77,163
"E54000037",2022-07-24,98,41,139
"E54000037",2022-07-25,130,94,224
"E54000037",2022-07-26,144,109,253
"E54000037",2022-07-27,157,91,248
"E54000037",2022-07-28,162,129,291
"E54000037",2022-07-29,172,103,275
"E54000037",2022-07-30,98,57,155
"E54000037",2022-07-31,78,45,123
"E54000038",2022-07-01,85,34,119
"E54000038",2022-07-02,45,19,64
"E54000038",2022-07-03,24,7,31
"E54000038",2022-07-04,47,16,63
"E54000038",2022-07-05,66,21,87
"E54000038",2022-07-06,79,29,108
"E54000038",2022-07-07,84,33,117
"E54000038",2022-07-08,91,29,120
"E54000038",2022-07-09,50,18,68
"E54000038",2022-07-10,24,2,26
"E54000038",2022-07-11,58,17,75
"E54000038",2022-07-12,78,29,107
"E54000038",2022-07-13,86,49,135
"E54000038",2022-07-14,78,44,122
"E54000038",2022-07-15,79,26,105
"E54000038",2022-07-16,43,13,56
"E54000038",2022-07-17,18,4,22
"E54000038",2022-07-18,52,19,71
"E54000038",2022-07-19,71,14,85
"E54000038",2022-07-20,84,37,121
"E54000038",2022-07-21,66,25,91
"E54000038",2022-07-22,79,27,106
"E54000038",2022-07-23,47,17,64
"E54000038",2022-07-24,31,9,40
"E54000038",2022-07-25,57,33,90
"E54000038",2022-07-26,86,41,127
"E54000038",2022-07-27,93,47,140
"E54000038",2022-07-28,87,52,139
"E54000038",2022-07-29,87,33,120
"E54000038",2022-07-30,47,10,57
"E54000038",2022-07-31,37,2,39
"E54000039",2022-07-01,60,9,69
"E54000039",2022-07-02,60,9,69
"E54000039",2022-07-03,60,9,69
"E54000039",2022-07-04,116,54,170
"E54000039",2022-07-05,133,49,182
"E54000039",2022-07-06,138,39,177
"E54000039",2022-07-07,141,51,192
"E54000039",2022-07-08,137,59,196
"E54000039",2022-07-09,99,28,127
"E54000039",2022-07-10,94,18,112
"E54000039",2022-07-11,115,48,163
"E54000039",2022-07-12,158,53,211
"E54000039",2022-07-13,142,40,182
"E54000039",2022-07-14,129,114,243
"E54000039",2022-07-15,109,106,215
"E54000039",2022-07-16,64,68,132
"E54000039",2022-07-17,32,46,78
"E54000039",2022-07-18,90,98,188
"E54000039",2022-07-19,99,123,222
"E54000039",2022-07-20,107,103,210
"E54000039",2022-07-21,107,100,207
"E54000039",2022-07-22,107,122,229
"E54000039",2022-07-23,73,49,122
"E54000039",2022-07-24,42,42,84
"E54000039",2022-07-25,129,81,210
"E54000039",2022-07-26,104,103,207
"E54000039",2022-07-27,76,100,176
"E54000039",2022-07-28,129,114,243
"E54000039",2022-07-29,104,127,231
"E54000039",2022-07-30,76,71,147
"E54000039",2022-07-31,44,45,89
"E54000040",2022-07-01,180,110,290
"E54000040",2022-07-02,145,96,241
"E54000040",2022-07-03,83,40,123
"E54000040",2022-07-04,108,59,167
"E54000040",2022-07-05,170,91,261
"E54000040",2022-07-06,156,110,266
"E54000040",2022-07-07,163,109,272
"E54000040",2022-07-08,179,122,301
"E54000040",2022-07-09,155,87,242
"E54000040",2022-07-10,138,79,217
"E54000040",2022-07-11,102,68,170
"E54000040",2022-07-12,143,105,248
"E54000040",2022-07-13,150,98,248
"E54000040",2022-07-14,133,89,222
"E54000040",2022-07-15,160,107,267
"E54000040",2022-07-16,140,91,231
"E54000040",2022-07-17,130,75,205
"E54000040",2022-07-18,99,64,163
"E54000040",2022-07-19,128,68,196
"E54000040",2022-07-20,154,115,269
"E54000040",2022-07-21,166,94,260
"E54000040",2022-07-22,173,109,282
"E54000040",2022-07-23,136,80,216
"E54000040",2022-07-24,97,59,156
"E54000040",2022-07-25,92,59,151
"E54000040",2022-07-26,162,125,287
"E54000040",2022-07-27,150,103,253
"E54000040",2022-07-28,145,96,241
"E54000040",2022-07-29,177,110,287
"E54000040",2022-07-30,137,110,247
"E54000040",2022-07-31,87,45,132
"E54000041",2022-07-01,89,58,147
"E54000041",2022-07-02,70,27,97
"E54000041",2022-07-03,37,22,59
"E54000041",2022-07-04,89,54,143
"E54000041",2022-07-05,94,66,160
"E54000041",2022-07-06,99,59,158
"E54000041",2022-07-07,104,59,163
"E54000041",2022-07-08,119,45,164
"E54000041",2022-07-09,79,36,115
"E54000041",2022-07-10,44,23,67
"E54000041",2022-07-11,62,54,116
"E54000041",2022-07-12,108,40,148
"E54000041",2022-07-13,107,44,151
"E54000041",2022-07-14,100,44,144
"E54000041",2022-07-15,104,71,175
"E54000041",2022-07-16,53,30,83
"E54000041",2022-07-17,42,18,60
"E54000041",2022-07-18,66,42,108
"E54000041",2022-07-19,76,47,123
"E54000041",2022-07-20,105,45,150
"E54000041",2022-07-21,98,60,158
"E54000041",2022-07-22,107,67,174
"E54000041",2022-07-23,63,24,87
"E54000041",2022-07-24,39,20,59
"E54000041",2022-07-25,71,61,132
"E54000041",2022-07-26,95,46,141
"E54000041",2022-07-27,93,41,134
"E54000041",2022-07-28,93,77,170
"E54000041",2022-07-29,117,41,158
"E54000041",2022-07-30,76,38,114
"E54000041",2022-07-31,43,24,67
"E54000043",2022-07-01,32,45,77
"E54000043",2022-07-02,29,19,48
"E54000043",2022-07-03,33,19,52
"E54000043",2022-07-04,39,28,67
"E54000043",2022-07-05,42,36,78
"E54000043",2022-07-06,57,35,92
"E54000043",2022-07-07,55,49,104
"E54000043",2022-07-08,46,37,83
"E54000043",2022-07-09,41,22,63
"E54000043",2022-07-10,30,18,48
"E54000043",2022-07-11,39,42,81
"E54000043",2022-07-12,50,38,88
"E54000043",2022-07-13,40,33,73
"E54000043",2022-07-14,58,30,88
"E54000043",2022-07-15,54,51,105
"E54000043",2022-07-16,41,23,64
"E54000043",2022-07-17,26,21,47
"E54000043",2022-07-18,43,47,90
"E54000043",2022-07-19,46,45,91
"E54000043",2022-07-20,47,22,69
"E54000043",2022-07-21,44,38,82
"E54000043",2022-07-22,49,47,96
"E54000043",2022-07-23,38,21,59
"E54000043",2022-07-24,30,14,44
"E54000043",2022-07-25,40,40,80
"E54000043",2022-07-26,45,37,82
"E54000043",2022-07-27,48,44,92
"E54000043",2022-07-28,46,34,80
"E54000043",2022-07-29,53,35,88
"E54000043",2022-07-30,47,20,67
"E54000043",2022-07-31,25,14,39
"E54000056",2022-08-01,76,53,129
"E54000056",2022-08-02,126,83,209
"E54000056",2022-08-03,140,70,210
"E54000056",2022-08-04,118,95,213
"E54000056",2022-08-05,128,106,234
"E54000056",2022-08-06,88,70,158
"E54000056",2022-08-07,61,45,106
"E54000056",2022-08-08,90,53,143
"E54000056",2022-08-09,101,85,186
"E54000056",2022-08-10,129,92,221
"E54000056",2022-08-11,130,101,231
"E54000056",2022-08-12,109,93,202
"E54000056",2022-08-13,95,82,177
"E54000056",2022-08-14,71,15,86
"E54000056",2022-08-15,76,55,131
"E54000056",2022-08-16,102,78,180
"E54000056",2022-08-17,129,95,224
"E54000056",2022-08-18,112,80,192
"E54000056",2022-08-19,111,104,215
"E54000056",2022-08-20,104,69,173
"E54000056",2022-08-21,70,37,107
"E54000056",2022-08-22,93,60,153
"E54000056",2022-08-23,112,78,190
"E54000056",2022-08-24,124,93,217
"E54000056",2022-08-25,126,88,214
"E54000056",2022-08-26,130,99,229
"E54000056",2022-08-27,103,87,190
"E54000056",2022-08-28,75,56,131
"E54000056",2022-08-29,59,42,101
"E54000056",2022-08-30,76,70,146
"E54000056",2022-08-31,98,87,185
"E54000022",2022-08-01,110,56,166
"E54000022",2022-08-02,155,92,247
"E54000022",2022-08-03,131,116,247
"E54000022",2022-08-04,170,100,270
"E54000022",2022-08-05,166,110,276
"E54000022",2022-08-06,124,85,209
"E54000022",2022-08-07,96,59,155
"E54000022",2022-08-08,144,82,226
"E54000022",2022-08-09,156,98,254
"E54000022",2022-08-10,181,95,276
"E54000022",2022-08-11,130,87,217
"E54000022",2022-08-12,141,91,232
"E54000022",2022-08-13,154,85,239
"E54000022",2022-08-14,81,40,121
"E54000022",2022-08-15,111,88,199
"E54000022",2022-08-16,152,109,261
"E54000022",2022-08-17,170,106,276
"E54000022",2022-08-18,168,107,275
"E54000022",2022-08-19,145,101,246
"E54000022",2022-08-20,153,81,234
"E54000022",2022-08-21,102,50,152
"E54000022",2022-08-22,68,47,115
"E54000022",2022-08-23,107,79,186
"E54000022",2022-08-24,111,75,186
"E54000022",2022-08-25,106,67,173
"E54000022",2022-08-26,126,66,192
"E54000022",2022-08-27,103,61,164
"E54000022",2022-08-28,90,27,117
"E54000022",2022-08-29,79,48,127
"E54000022",2022-08-30,97,87,184
"E54000022",2022-08-31,144,124,268
"E54000023",2022-08-01,101,89,190
"E54000023",2022-08-02,138,79,217
"E54000023",2022-08-03,172,97,269
"E54000023",2022-08-04,124,95,219
"E54000023",2022-08-05,131,75,206
"E54000023",2022-08-06,67,37,104
"E54000023",2022-08-07,64,39,103
"E54000023",2022-08-08,102,78,180
"E54000023",2022-08-09,140,84,224
"E54000023",2022-08-10,134,95,229
"E54000023",2022-08-11,131,88,219
"E54000023",2022-08-12,140,89,229
"E54000023",2022-08-13,84,42,126
"E54000023",2022-08-14,57,42,99
"E54000023",2022-08-15,98,94,192
"E54000023",2022-08-16,146,96,242
"E54000023",2022-08-17,131,84,215
"E54000023",2022-08-18,156,100,256
"E54000023",2022-08-19,164,89,253
"E54000023",2022-08-20,92,35,127
"E54000023",2022-08-21,75,51,126
"E54000023",2022-08-22,120,73,193
"E54000023",2022-08-23,155,75,230
"E54000023",2022-08-24,140,92,232
"E54000023",2022-08-25,143,100,243
"E54000023",2022-08-26,125,93,218
"E54000023",2022-08-27,96,45,141
"E54000023",2022-08-28,73,45,118
"E54000023",2022-08-29,96,31,127
"E54000023",2022-08-30,95,80,175
"E54000023",2022-08-31,126,89,215
"E54000024",2022-08-01,107,58,165
"E54000024",2022-08-02,127,49,176
"E54000024",2022-08-03,138,46,184
"E54000024",2022-08-04,141,57,198
"E54000024",2022-08-05,125,60,185
"E54000024",2022-08-06,62,32,94
"E54000024",2022-08-07,57,40,97
"E54000024",2022-08-08,118,61,179
"E54000024",2022-08-09,109,69,178
"E54000024",2022-08-10,147,37,184
"E54000024",2022-08-11,128,55,183
"E54000024",2022-08-12,115,68,183
"E54000024",2022-08-13,62,38,100
"E54000024",2022-08-14,61,25,86
"E54000024",2022-08-15,96,56,152
"E54000024",2022-08-16,110,52,162
"E54000024",2022-08-17,115,50,165
"E54000024",2022-08-18,141,38,179
"E54000024",2022-08-19,108,57,165
"E54000024",2022-08-20,64,36,100
"E54000024",2022-08-21,57,37,94
"E54000024",2022-08-22,91,53,144
"E54000024",2022-08-23,118,56,174
"E54000024",2022-08-24,118,43,161
"E54000024",2022-08-25,124,38,162
"E54000024",2022-08-26,119,61,180
"E54000024",2022-08-27,62,16,78
"E54000024",2022-08-28,69,23,92
"E54000024",2022-08-29,24,28,52
"E54000024",2022-08-30,69,30,99
"E54000024",2022-08-31,67,29,96
"E54000025",2022-08-01,85,79,164
"E54000025",2022-08-02,135,96,231
"E54000025",2022-08-03,130,99,229
"E54000025",2022-08-04,89,96,185
"E54000025",2022-08-05,144,94,238
"E54000025",2022-08-06,109,67,176
"E54000025",2022-08-07,67,41,108
"E54000025",2022-08-08,89,75,164
"E54000025",2022-08-09,102,95,197
"E54000025",2022-08-10,115,112,227
"E54000025",2022-08-11,142,95,237
"E54000025",2022-08-12,193,124,317
"E54000025",2022-08-13,107,72,179
"E54000025",2022-08-14,62,27,89
"E54000025",2022-08-15,101,89,190
"E54000025",2022-08-16,120,90,210
"E54000025",2022-08-17,150,76,226
"E54000025",2022-08-18,140,88,228
"E54000025",2022-08-19,126,108,234
"E54000025",2022-08-20,110,83,193
"E54000025",2022-08-21,65,40,105
"E54000025",2022-08-22,90,78,168
"E54000025",2022-08-23,125,80,205
"E54000025",2022-08-24,140,88,228
"E54000025",2022-08-25,121,99,220
"E54000025",2022-08-26,137,105,242
"E54000025",2022-08-27,86,68,154
"E54000025",2022-08-28,98,56,154
"E54000025",2022-08-29,63,36,99
"E54000025",2022-08-30,106,71,177
"E54000025",2022-08-31,142,87,229
"E54000026",2022-08-01,0,0,0
"E54000026",2022-08-02,11,4,15
"E54000026",2022-08-03,0,0,0
"E54000026",2022-08-04,43,16,59
"E54000026",2022-08-05,50,18,68
"E54000026",2022-08-06,43,15,58
"E54000026",2022-08-07,0,0,0
"E54000026",2022-08-08,0,0,0
"E54000026",2022-08-09,15,5,20
"E54000026",2022-08-10,47,8,55
"E54000026",2022-08-11,51,18,69
"E54000026",2022-08-12,40,10,50
"E54000026",2022-08-13,60,4,64
"E54000026",2022-08-14,0,0,0
"E54000026",2022-08-15,0,0,0
"E54000026",2022-08-16,15,4,19
"E54000026",2022-08-17,41,13,54
"E54000026",2022-08-18,50,19,69
"E54000026",2022-08-19,56,21,77
"E54000026",2022-08-20,53,20,73
"E54000026",2022-08-21,0,0,0
"E54000026",2022-08-22,0,0,0
"E54000026",2022-08-23,15,5,20
"E54000026",2022-08-24,42,15,57
"E54000026",2022-08-25,45,17,62
"E54000026",2022-08-26,54,19,73
"E54000026",2022-08-27,47,15,62
"E54000026",2022-08-28,0,0,0
"E54000026",2022-08-29,0,0,0
"E54000026",2022-08-30,15,5,20
"E54000026",2022-08-31,42,15,57
"E54000027",2022-08-01,152,69,221
"E54000027",2022-08-02,220,108,328
"E54000027",2022-08-03,239,106,345
"E54000027",2022-08-04,228,104,332
"E54000027",2022-08-05,244,125,369
"E54000027",2022-08-06,211,77,288
"E54000027",2022-08-07,118,56,174
"E54000027",2022-08-08,128,78,206
"E54000027",2022-08-09,202,88,290
"E54000027",2022-08-10,267,124,391
"E54000027",2022-08-11,244,100,344
"E54000027",2022-08-12,263,141,404
"E54000027",2022-08-13,178,89,267
"E54000027",2022-08-14,121,47,168
"E54000027",2022-08-15,126,64,190
"E54000027",2022-08-16,181,97,278
"E54000027",2022-08-17,242,116,358
"E54000027",2022-08-18,218,98,316
"E54000027",2022-08-19,219,112,331
"E54000027",2022-08-20,201,70,271
"E54000027",2022-08-21,120,44,164
"E54000027",2022-08-22,139,64,203
"E54000027",2022-08-23,204,101,305
"E54000027",2022-08-24,228,100,328
"E54000027",2022-08-25,257,99,356
"E54000027",2022-08-26,271,128,399
"E54000027",2022-08-27,217,104,321
"E54000027",2022-08-28,159,50,209
"E54000027",2022-08-29,103,45,148
"E54000027",2022-08-30,96,32,128
"E54000027",2022-08-31,137,66,203
"E54000028",2022-08-01,71,80,151
"E54000028",2022-08-02,124,128,252
"E54000028",2022-08-03,153,133,286
"E54000028",2022-08-04,113,128,241
"E54000028",2022-08-05,134,127,261
"E54000028",2022-08-06,124,169,293
"E54000028",2022-08-07,82,86,168
"E54000028",2022-08-08,68,99,167
"E54000028",2022-08-09,107,120,227
"E54000028",2022-08-10,144,118,262
"E54000028",2022-08-11,134,113,247
"E54000028",2022-08-12,132,157,289
"E54000028",2022-08-13,135,129,264
"E54000028",2022-08-14,98,90,188
"E54000028",2022-08-15,67,100,167
"E54000028",2022-08-16,89,118,207
"E54000028",2022-08-17,106,112,218
"E54000028",2022-08-18,141,122,263
"E54000028",2022-08-19,140,151,291
"E54000028",2022-08-20,125,153,278
"E54000028",2022-08-21,104,96,200
"E54000028",2022-08-22,74,72,146
"E54000028",2022-08-23,115,113,228
"E54000028",2022-08-24,135,136,271
"E54000028",2022-08-25,140,146,286
"E54000028",2022-08-26,133,154,287
"E54000028",2022-08-27,161,156,317
"E54000028",2022-08-28,113,95,208
"E54000028",2022-08-29,101,94,195
"E54000028",2022-08-30,100,77,177
"E54000028",2022-08-31,113,124,237
"E54000029",2022-08-01,106,107,213
"E54000029",2022-08-02,182,158,340
"E54000029",2022-08-03,130,153,283
"E54000029",2022-08-04,156,178,334
"E54000029",2022-08-05,175,183,358
"E54000029",2022-08-06,140,143,283
"E54000029",2022-08-07,117,69,186
"E54000029",2022-08-08,107,130,237
"E54000029",2022-08-09,161,174,335
"E54000029",2022-08-10,155,160,315
"E54000029",2022-08-11,180,141,321
"E54000029",2022-08-12,171,170,341
"E54000029",2022-08-13,144,125,269
"E54000029",2022-08-14,107,73,180
"E54000029",2022-08-15,105,112,217
"E54000029",2022-08-16,148,170,318
"E54000029",2022-08-17,161,143,304
"E54000029",2022-08-18,174,174,348
"E54000029",2022-08-19,187,170,357
"E54000029",2022-08-20,172,138,310
"E54000029",2022-08-21,113,62,175
"E54000029",2022-08-22,94,125,219
"E54000029",2022-08-23,158,166,324
"E54000029",2022-08-24,171,133,304
"E54000029",2022-08-25,159,176,335
"E54000029",2022-08-26,167,204,371
"E54000029",2022-08-27,120,108,228
"E54000029",2022-08-28,91,91,182
"E54000029",2022-08-29,90,66,156
"E54000029",2022-08-30,96,99,195
"E54000029",2022-08-31,135,156,291
"E54000030",2022-08-01,112,70,182
"E54000030",2022-08-02,118,91,209
"E54000030",2022-08-03,132,82,214
"E54000030",2022-08-04,164,92,256
"E54000030",2022-08-05,149,113,262
"E54000030",2022-08-06,99,52,151
"E54000030",2022-08-07,74,23,97
"E54000030",2022-08-08,106,87,193
"E54000030",2022-08-09,114,79,193
"E54000030",2022-08-10,127,82,209
"E54000030",2022-08-11,180,88,268
"E54000030",2022-08-12,144,95,239
"E54000030",2022-08-13,93,50,143
"E54000030",2022-08-14,70,27,97
"E54000030",2022-08-15,167,120,287
"E54000030",2022-08-16,197,120,317
"E54000030",2022-08-17,188,118,306
"E54000030",2022-08-18,243,121,364
"E54000030",2022-08-19,206,151,357
"E54000030",2022-08-20,141,90,231
"E54000030",2022-08-21,130,57,187
"E54000030",2022-08-22,141,97,238
"E54000030",2022-08-23,196,122,318
"E54000030",2022-08-24,204,126,330
"E54000030",2022-08-25,210,174,384
"E54000030",2022-08-26,182,163,345
"E54000030",2022-08-27,114,73,187
"E54000030",2022-08-28,82,47,129
"E54000030",2022-08-29,91,52,143
"E54000030",2022-08-30,155,114,269
"E54000030",2022-08-31,211,136,347
"E54000031",2022-08-01,138,80,218
"E54000031",2022-08-02,111,90,201
"E54000031",2022-08-03,128,94,222
"E54000031",2022-08-04,145,105,250
"E54000031",2022-08-05,140,87,227
"E54000031",2022-08-06,90,60,150
"E54000031",2022-08-07,73,49,122
"E54000031",2022-08-08,90,104,194
"E54000031",2022-08-09,130,95,225
"E54000031",2022-08-10,149,90,239
"E54000031",2022-08-11,150,81,231
"E54000031",2022-08-12,135,91,226
"E54000031",2022-08-13,113,64,177
"E54000031",2022-08-14,89,46,135
"E54000031",2022-08-15,97,57,154
"E54000031",2022-08-16,136,89,225
"E54000031",2022-08-17,130,109,239
"E54000031",2022-08-18,163,84,247
"E54000031",2022-08-19,136,91,227
"E54000031",2022-08-20,114,78,192
"E54000031",2022-08-21,70,44,114
"E54000031",2022-08-22,83,63,146
"E54000031",2022-08-23,143,87,230
"E54000031",2022-08-24,121,98,219
"E54000031",2022-08-25,134,103,237
"E54000031",2022-08-26,132,124,256
"E54000031",2022-08-27,101,64,165
"E54000031",2022-08-28,80,55,135
"E54000031",2022-08-29,55,39,94
"E54000031",2022-08-30,82,60,142
"E54000031",2022-08-31,111,89,200
"E54000010",2022-08-01,50,43,93
"E54000010",2022-08-02,103,68,171
"E54000010",2022-08-03,102,65,167
"E54000010",2022-08-04,95,50,145
"E54000010",2022-08-05,97,53,150
"E54000010",2022-08-06,68,29,97
"E54000010",2022-08-07,45,19,64
"E54000010",2022-08-08,77,41,118
"E54000010",2022-08-09,86,47,133
"E54000010",2022-08-10,96,51,147
"E54000010",2022-08-11,110,50,160
"E54000010",2022-08-12,91,41,132
"E54000010",2022-08-13,64,35,99
"E54000010",2022-08-14,39,26,65
"E54000010",2022-08-15,61,55,116
"E54000010",2022-08-16,112,56,168
"E54000010",2022-08-17,128,51,179
"E54000010",2022-08-18,119,42,161
"E54000010",2022-08-19,93,54,147
"E54000010",2022-08-20,65,37,102
"E54000010",2022-08-21,55,23,78
"E54000010",2022-08-22,80,52,132
"E54000010",2022-08-23,117,50,167
"E54000010",2022-08-24,87,37,124
"E54000010",2022-08-25,109,78,187
"E54000010",2022-08-26,116,55,171
"E54000010",2022-08-27,70,29,99
"E54000010",2022-08-28,54,39,93
"E54000010",2022-08-29,0,0,0
"E54000010",2022-08-30,0,0,0
"E54000010",2022-08-31,0,0,0
"E54000011",2022-08-01,27,21,48
"E54000011",2022-08-02,46,49,95
"E54000011",2022-08-03,47,55,102
"E54000011",2022-08-04,58,51,109
"E54000011",2022-08-05,48,53,101
"E54000011",2022-08-06,42,61,103
"E54000011",2022-08-07,40,27,67
"E54000011",2022-08-08,38,11,49
"E54000011",2022-08-09,43,42,85
"E54000011",2022-08-10,44,41,85
"E54000011",2022-08-11,59,38,97
"E54000011",2022-08-12,51,48,99
"E54000011",2022-08-13,64,60,124
"E54000011",2022-08-14,38,17,55
"E54000011",2022-08-15,18,17,35
"E54000011",2022-08-16,37,65,102
"E54000011",2022-08-17,52,46,98
"E54000011",2022-08-18,48,49,97
"E54000011",2022-08-19,63,48,111
"E54000011",2022-08-20,61,51,112
"E54000011",2022-08-21,36,26,62
"E54000011",2022-08-22,25,29,54
"E54000011",2022-08-23,46,58,104
"E54000011",2022-08-24,41,51,92
"E54000011",2022-08-25,63,54,117
"E54000011",2022-08-26,61,56,117
"E54000011",2022-08-27,61,50,111
"E54000011",2022-08-28,49,35,84
"E54000011",2022-08-29,37,22,59
"E54000011",2022-08-30,49,8,57
"E54000011",2022-08-31,51,59,110
"E54000058",2022-08-01,118,122,240
"E54000058",2022-08-02,143,111,254
"E54000058",2022-08-03,143,118,261
"E54000058",2022-08-04,153,113,266
"E54000058",2022-08-05,171,154,325
"E54000058",2022-08-06,104,59,163
"E54000058",2022-08-07,75,40,115
"E54000058",2022-08-08,136,114,250
"E54000058",2022-08-09,161,111,272
"E54000058",2022-08-10,126,114,240
"E54000058",2022-08-11,155,95,250
"E54000058",2022-08-12,158,104,262
"E54000058",2022-08-13,113,75,188
"E54000058",2022-08-14,88,44,132
"E54000058",2022-08-15,126,100,226
"E54000058",2022-08-16,156,101,257
"E54000058",2022-08-17,154,95,249
"E54000058",2022-08-18,148,98,246
"E54000058",2022-08-19,162,114,276
"E54000058",2022-08-20,149,64,213
"E54000058",2022-08-21,67,53,120
"E54000058",2022-08-22,98,95,193
"E54000058",2022-08-23,148,115,263
"E54000058",2022-08-24,139,118,257
"E54000058",2022-08-25,143,135,278
"E54000058",2022-08-26,159,151,310
"E54000058",2022-08-27,141,48,189
"E54000058",2022-08-28,83,61,144
"E54000058",2022-08-29,97,48,145
"E54000058",2022-08-30,127,99,226
"E54000058",2022-08-31,163,122,285
"E54000013",2022-08-01,57,77,134
"E54000013",2022-08-02,79,104,183
"E54000013",2022-08-03,72,106,178
"E54000013",2022-08-04,69,82,151
"E54000013",2022-08-05,72,96,168
"E54000013",2022-08-06,47,45,92
"E54000013",2022-08-07,45,35,80
"E54000013",2022-08-08,64,96,160
"E54000013",2022-08-09,81,96,177
"E54000013",2022-08-10,66,79,145
"E54000013",2022-08-11,77,89,166
"E54000013",2022-08-12,64,95,159
"E54000013",2022-08-13,52,46,98
"E54000013",2022-08-14,39,25,64
"E54000013",2022-08-15,67,104,171
"E54000013",2022-08-16,75,86,161
"E54000013",2022-08-17,91,110,201
"E54000013",2022-08-18,75,79,154
"E54000013",2022-08-19,66,69,135
"E54000013",2022-08-20,33,37,70
"E54000013",2022-08-21,43,58,101
"E54000013",2022-08-22,0,0,0
"E54000013",2022-08-23,0,0,0
"E54000013",2022-08-24,0,0,0
"E54000013",2022-08-25,0,0,0
"E54000013",2022-08-26,0,0,0
"E54000013",2022-08-27,0,0,0
"E54000013",2022-08-28,0,0,0
"E54000013",2022-08-29,0,0,0
"E54000013",2022-08-30,0,0,0
"E54000013",2022-08-31,0,0,0
"E54000060",2022-08-01,107,43,150
"E54000060",2022-08-02,134,127,261
"E54000060",2022-08-03,161,132,293
"E54000060",2022-08-04,186,110,296
"E54000060",2022-08-05,200,114,314
"E54000060",2022-08-06,186,120,306
"E54000060",2022-08-07,105,65,170
"E54000060",2022-08-08,100,94,194
"E54000060",2022-08-09,171,126,297
"E54000060",2022-08-10,160,134,294
"E54000060",2022-08-11,169,111,280
"E54000060",2022-08-12,194,182,376
"E54000060",2022-08-13,132,92,224
"E54000060",2022-08-14,74,59,133
"E54000060",2022-08-15,68,41,109
"E54000060",2022-08-16,150,108,258
"E54000060",2022-08-17,187,118,305
"E54000060",2022-08-18,205,110,315
"E54000060",2022-08-19,209,115,324
"E54000060",2022-08-20,203,125,328
"E54000060",2022-08-21,119,60,179
"E54000060",2022-08-22,85,61,146
"E54000060",2022-08-23,130,111,241
"E54000060",2022-08-24,176,126,302
"E54000060",2022-08-25,209,137,346
"E54000060",2022-08-26,185,136,321
"E54000060",2022-08-27,210,146,356
"E54000060",2022-08-28,102,53,155
"E54000060",2022-08-29,107,43,150
"E54000060",2022-08-30,83,50,133
"E54000060",2022-08-31,134,92,226
"E54000015",2022-08-01,81,99,180
"E54000015",2022-08-02,129,130,259
"E54000015",2022-08-03,125,99,224
"E54000015",2022-08-04,136,137,273
"E54000015",2022-08-05,127,159,286
"E54000015",2022-08-06,80,95,175
"E54000015",2022-08-07,67,52,119
"E54000015",2022-08-08,100,128,228
"E54000015",2022-08-09,119,130,249
"E54000015",2022-08-10,132,127,259
"E54000015",2022-08-11,129,149,278
"E54000015",2022-08-12,125,130,255
"E54000015",2022-08-13,94,77,171
"E54000015",2022-08-14,86,43,129
"E54000015",2022-08-15,115,128,243
"E54000015",2022-08-16,135,129,264
"E54000015",2022-08-17,146,105,251
"E54000015",2022-08-18,120,145,265
"E54000015",2022-08-19,138,158,296
"E54000015",2022-08-20,112,76,188
"E54000015",2022-08-21,98,50,148
"E54000015",2022-08-22,125,109,234
"E54000015",2022-08-23,150,146,296
"E54000015",2022-08-24,145,139,284
"E54000015",2022-08-25,122,119,241
"E54000015",2022-08-26,156,149,305
"E54000015",2022-08-27,133,87,220
"E54000015",2022-08-28,85,76,161
"E54000015",2022-08-29,89,71,160
"E54000015",2022-08-30,117,123,240
"E54000015",2022-08-31,152,151,303
"E54000062",2022-08-01,161,84,245
"E54000062",2022-08-02,153,129,282
"E54000062",2022-08-03,199,120,319
"E54000062",2022-08-04,196,132,328
"E54000062",2022-08-05,190,148,338
"E54000062",2022-08-06,145,127,272
"E54000062",2022-08-07,113,74,187
"E54000062",2022-08-08,133,62,195
"E54000062",2022-08-09,152,128,280
"E54000062",2022-08-10,208,119,327
"E54000062",2022-08-11,188,136,324
"E54000062",2022-08-12,203,144,347
"E54000062",2022-08-13,150,97,247
"E54000062",2022-08-14,133,99,232
"E54000062",2022-08-15,107,84,191
"E54000062",2022-08-16,157,114,271
"E54000062",2022-08-17,209,144,353
"E54000062",2022-08-18,158,152,310
"E54000062",2022-08-19,225,149,374
"E54000062",2022-08-20,161,126,287
"E54000062",2022-08-21,129,66,195
"E54000062",2022-08-22,175,91,266
"E54000062",2022-08-23,183,145,328
"E54000062",2022-08-24,202,143,345
"E54000062",2022-08-25,203,143,346
"E54000062",2022-08-26,237,146,383
"E54000062",2022-08-27,187,102,289
"E54000062",2022-08-28,164,78,242
"E54000062",2022-08-29,115,64,179
"E54000062",2022-08-30,168,71,239
"E54000062",2022-08-31,174,107,281
"E54000055",2022-08-01,23,10,33
"E54000055",2022-08-02,6,10,16
"E54000055",2022-08-03,12,24,36
"E54000055",2022-08-04,12,24,36
"E54000055",2022-08-05,26,25,51
"E54000055",2022-08-06,41,27,68
"E54000055",2022-08-07,31,19,50
"E54000055",2022-08-08,25,9,34
"E54000055",2022-08-09,16,30,46
"E54000055",2022-08-10,34,33,67
"E54000055",2022-08-11,23,21,44
"E54000055",2022-08-12,33,21,54
"E54000055",2022-08-13,33,26,59
"E54000055",2022-08-14,12,14,26
"E54000055",2022-08-15,19,22,41
"E54000055",2022-08-16,27,36,63
"E54000055",2022-08-17,21,16,37
"E54000055",2022-08-18,32,27,59
"E54000055",2022-08-19,29,28,57
"E54000055",2022-08-20,18,16,34
"E54000055",2022-08-21,23,16,39
"E54000055",2022-08-22,19,21,40
"E54000055",2022-08-23,17,25,42
"E54000055",2022-08-24,45,19,64
"E54000055",2022-08-25,25,26,51
"E54000055",2022-08-26,31,32,63
"E54000055",2022-08-27,24,6,30
"E54000055",2022-08-28,21,10,31
"E54000055",2022-08-29,27,13,40
"E54000055",2022-08-30,29,19,48
"E54000055",2022-08-31,21,31,52
"E54000018",2022-08-01,59,53,112
"E54000018",2022-08-02,100,94,194
"E54000018",2022-08-03,125,98,223
"E54000018",2022-08-04,115,80,195
"E54000018",2022-08-05,130,94,224
"E54000018",2022-08-06,101,78,179
"E54000018",2022-08-07,90,57,147
"E54000018",2022-08-08,84,72,156
"E54000018",2022-08-09,101,94,195
"E54000018",2022-08-10,95,89,184
"E54000018",2022-08-11,115,78,193
"E54000018",2022-08-12,136,90,226
"E54000018",2022-08-13,104,54,158
"E54000018",2022-08-14,79,71,150
"E54000018",2022-08-15,63,52,115
"E54000018",2022-08-16,100,84,184
"E54000018",2022-08-17,120,83,203
"E54000018",2022-08-18,140,86,226
"E54000018",2022-08-19,140,98,238
"E54000018",2022-08-20,119,76,195
"E54000018",2022-08-21,81,44,125
"E54000018",2022-08-22,77,72,149
"E54000018",2022-08-23,103,91,194
"E54000018",2022-08-24,137,88,225
"E54000018",2022-08-25,136,76,212
"E54000018",2022-08-26,121,100,221
"E54000018",2022-08-27,111,91,202
"E54000018",2022-08-28,84,57,141
"E54000018",2022-08-29,41,39,80
"E54000018",2022-08-30,98,66,164
"E54000018",2022-08-31,113,89,202
"E54000019",2022-08-01,11,30,41
"E54000019",2022-08-02,30,17,47
"E54000019",2022-08-03,23,18,41
"E54000019",2022-08-04,30,22,52
"E54000019",2022-08-05,30,20,50
"E54000019",2022-08-06,30,23,53
"E54000019",2022-08-07,23,12,35
"E54000019",2022-08-08,21,21,42
"E54000019",2022-08-09,29,22,51
"E54000019",2022-08-10,26,25,51
"E54000019",2022-08-11,31,18,49
"E54000019",2022-08-12,24,40,64
"E54000019",2022-08-13,21,9,30
"E54000019",2022-08-14,12,5,17
"E54000019",2022-08-15,20,30,50
"E54000019",2022-08-16,19,21,40
"E54000019",2022-08-17,24,27,51
"E54000019",2022-08-18,28,25,53
"E54000019",2022-08-19,12,27,39
"E54000019",2022-08-20,19,19,38
"E54000019",2022-08-21,17,7,24
"E54000019",2022-08-22,21,22,43
"E54000019",2022-08-23,24,19,43
"E54000019",2022-08-24,25,20,45
"E54000019",2022-08-25,21,25,46
"E54000019",2022-08-26,27,18,45
"E54000019",2022-08-27,26,15,41
"E54000019",2022-08-28,17,15,32
"E54000019",2022-08-29,13,11,24
"E54000019",2022-08-30,15,20,35
"E54000019",2022-08-31,19,35,54
"E54000059",2022-08-01,33,31,64
"E54000059",2022-08-02,70,50,120
"E54000059",2022-08-03,58,66,124
"E54000059",2022-08-04,53,53,106
"E54000059",2022-08-05,66,53,119
"E54000059",2022-08-06,69,55,124
"E54000059",2022-08-07,56,36,92
"E54000059",2022-08-08,37,23,60
"E54000059",2022-08-09,46,49,95
"E54000059",2022-08-10,66,53,119
"E54000059",2022-08-11,71,63,134
"E54000059",2022-08-12,63,57,120
"E54000059",2022-08-13,61,72,133
"E54000059",2022-08-14,49,42,91
"E54000059",2022-08-15,28,29,57
"E54000059",2022-08-16,44,49,93
"E54000059",2022-08-17,71,49,120
"E54000059",2022-08-18,71,62,133
"E54000059",2022-08-19,71,56,127
"E54000059",2022-08-20,71,68,139
"E54000059",2022-08-21,59,57,116
"E54000059",2022-08-22,44,23,67
"E54000059",2022-08-23,60,55,115
"E54000059",2022-08-24,76,60,136
"E54000059",2022-08-25,76,63,139
"E54000059",2022-08-26,87,70,157
"E54000059",2022-08-27,78,77,155
"E54000059",2022-08-28,85,54,139
"E54000059",2022-08-29,60,54,114
"E54000059",2022-08-30,42,24,66
"E54000059",2022-08-31,52,57,109
"E54000061",2022-08-01,98,88,186
"E54000061",2022-08-02,144,155,299
"E54000061",2022-08-03,171,137,308
"E54000061",2022-08-04,152,154,306
"E54000061",2022-08-05,169,167,336
"E54000061",2022-08-06,144,145,289
"E54000061",2022-08-07,89,60,149
"E54000061",2022-08-08,63,92,155
"E54000061",2022-08-09,66,111,177
"E54000061",2022-08-10,159,147,306
"E54000061",2022-08-11,162,172,334
"E54000061",2022-08-12,166,182,348
"E54000061",2022-08-13,153,151,304
"E54000061",2022-08-14,129,96,225
"E54000061",2022-08-15,108,107,215
"E54000061",2022-08-16,133,157,290
"E54000061",2022-08-17,172,171,343
"E54000061",2022-08-18,173,166,339
"E54000061",2022-08-19,192,142,334
"E54000061",2022-08-20,164,157,321
"E54000061",2022-08-21,113,99,212
"E54000061",2022-08-22,126,114,240
"E54000061",2022-08-23,122,159,281
"E54000061",2022-08-24,192,158,350
"E54000061",2022-08-25,174,142,316
"E54000061",2022-08-26,173,173,346
"E54000061",2022-08-27,155,145,300
"E54000061",2022-08-28,121,96,217
"E54000061",2022-08-29,102,78,180
"E54000061",2022-08-30,104,125,229
"E54000061",2022-08-31,142,159,301
"E54000050",2022-08-01,285,242,527
"E54000050",2022-08-02,376,312,688
"E54000050",2022-08-03,364,332,696
"E54000050",2022-08-04,414,340,754
"E54000050",2022-08-05,416,340,756
"E54000050",2022-08-06,324,331,655
"E54000050",2022-08-07,248,207,455
"E54000050",2022-08-08,248,233,481
"E54000050",2022-08-09,371,316,687
"E54000050",2022-08-10,409,360,769
"E54000050",2022-08-11,387,318,705
"E54000050",2022-08-12,429,310,739
"E54000050",2022-08-13,336,282,618
"E54000050",2022-08-14,242,191,433
"E54000050",2022-08-15,282,262,544
"E54000050",2022-08-16,342,307,649
"E54000050",2022-08-17,422,368,790
"E54000050",2022-08-18,427,364,791
"E54000050",2022-08-19,455,312,767
"E54000050",2022-08-20,323,303,626
"E54000050",2022-08-21,255,221,476
"E54000050",2022-08-22,295,241,536
"E54000050",2022-08-23,383,329,712
"E54000050",2022-08-24,434,325,759
"E54000050",2022-08-25,417,349,766
"E54000050",2022-08-26,413,297,710
"E54000050",2022-08-27,334,293,627
"E54000050",2022-08-28,288,227,515
"E54000050",2022-08-29,263,184,447
"E54000050",2022-08-30,261,245,506
"E54000050",2022-08-31,369,331,700
"E54000051",2022-08-01,149,127,276
"E54000051",2022-08-02,256,162,418
"E54000051",2022-08-03,181,152,333
"E54000051",2022-08-04,178,146,324
"E54000051",2022-08-05,202,174,376
"E54000051",2022-08-06,115,91,206
"E54000051",2022-08-07,108,42,150
"E54000051",2022-08-08,134,118,252
"E54000051",2022-08-09,191,143,334
"E54000051",2022-08-10,197,148,345
"E54000051",2022-08-11,158,138,296
"E54000051",2022-08-12,200,162,362
"E54000051",2022-08-13,129,66,195
"E54000051",2022-08-14,107,52,159
"E54000051",2022-08-15,132,132,264
"E54000051",2022-08-16,197,140,337
"E54000051",2022-08-17,174,145,319
"E54000051",2022-08-18,177,155,332
"E54000051",2022-08-19,192,142,334
"E54000051",2022-08-20,136,74,210
"E54000051",2022-08-21,104,60,164
"E54000051",2022-08-22,160,119,279
"E54000051",2022-08-23,172,144,316
"E54000051",2022-08-24,208,152,360
"E54000051",2022-08-25,184,142,326
"E54000051",2022-08-26,201,172,373
"E54000051",2022-08-27,164,79,243
"E54000051",2022-08-28,114,68,182
"E54000051",2022-08-29,92,53,145
"E54000051",2022-08-30,144,132,276
"E54000051",2022-08-31,212,143,355
"E54000054",2022-08-01,255,151,406
"E54000054",2022-08-02,302,211,513
"E54000054",2022-08-03,334,240,574
"E54000054",2022-08-04,324,216,540
"E54000054",2022-08-05,336,234,570
"E54000054",2022-08-06,257,197,454
"E54000054",2022-08-07,212,134,346
"E54000054",2022-08-08,217,179,396
"E54000054",2022-08-09,273,205,478
"E54000054",2022-08-10,347,228,575
"E54000054",2022-08-11,333,222,555
"E54000054",2022-08-12,334,202,536
"E54000054",2022-08-13,286,195,481
"E54000054",2022-08-14,205,140,345
"E54000054",2022-08-15,251,155,406
"E54000054",2022-08-16,281,211,492
"E54000054",2022-08-17,355,213,568
"E54000054",2022-08-18,360,232,592
"E54000054",2022-08-19,376,222,598
"E54000054",2022-08-20,312,206,518
"E54000054",2022-08-21,216,184,400
"E54000054",2022-08-22,212,167,379
"E54000054",2022-08-23,318,187,505
"E54000054",2022-08-24,346,208,554
"E54000054",2022-08-25,313,233,546
"E54000054",2022-08-26,383,197,580
"E54000054",2022-08-27,333,231,564
"E54000054",2022-08-28,239,132,371
"E54000054",2022-08-29,218,127,345
"E54000054",2022-08-30,282,145,427
"E54000054",2022-08-31,296,241,537
"E54000057",2022-08-01,252,126,378
"E54000057",2022-08-02,286,124,410
"E54000057",2022-08-03,355,139,494
"E54000057",2022-08-04,252,144,396
"E54000057",2022-08-05,358,106,464
"E54000057",2022-08-06,185,66,251
"E54000057",2022-08-07,113,44,157
"E54000057",2022-08-08,256,117,373
"E54000057",2022-08-09,315,152,467
"E54000057",2022-08-10,322,142,464
"E54000057",2022-08-11,288,152,440
"E54000057",2022-08-12,330,130,460
"E54000057",2022-08-13,173,58,231
"E54000057",2022-08-14,142,43,185
"E54000057",2022-08-15,230,128,358
"E54000057",2022-08-16,310,99,409
"E54000057",2022-08-17,327,121,448
"E54000057",2022-08-18,305,129,434
"E54000057",2022-08-19,303,169,472
"E54000057",2022-08-20,180,44,224
"E54000057",2022-08-21,148,31,179
"E54000057",2022-08-22,268,110,378
"E54000057",2022-08-23,314,114,428
"E54000057",2022-08-24,317,118,435
"E54000057",2022-08-25,347,150,497
"E54000057",2022-08-26,319,140,459
"E54000057",2022-08-27,170,59,229
"E54000057",2022-08-28,162,66,228
"E54000057",2022-08-29,137,57,194
"E54000057",2022-08-30,279,119,398
"E54000057",2022-08-31,308,95,403
"E54000008",2022-08-01,188,156,344
"E54000008",2022-08-02,226,154,380
"E54000008",2022-08-03,224,174,398
"E54000008",2022-08-04,257,166,423
"E54000008",2022-08-05,226,176,402
"E54000008",2022-08-06,132,90,222
"E54000008",2022-08-07,78,71,149
"E54000008",2022-08-08,187,176,363
"E54000008",2022-08-09,237,192,429
"E54000008",2022-08-10,270,148,418
"E54000008",2022-08-11,257,170,427
"E54000008",2022-08-12,234,185,419
"E54000008",2022-08-13,114,75,189
"E54000008",2022-08-14,85,60,145
"E54000008",2022-08-15,188,150,338
"E54000008",2022-08-16,235,176,411
"E54000008",2022-08-17,255,172,427
"E54000008",2022-08-18,231,182,413
"E54000008",2022-08-19,259,177,436
"E54000008",2022-08-20,158,85,243
"E54000008",2022-08-21,98,56,154
"E54000008",2022-08-22,215,139,354
"E54000008",2022-08-23,254,166,420
"E54000008",2022-08-24,316,167,483
"E54000008",2022-08-25,251,157,408
"E54000008",2022-08-26,302,216,518
"E54000008",2022-08-27,137,80,217
"E54000008",2022-08-28,120,90,210
"E54000008",2022-08-29,158,65,223
"E54000008",2022-08-30,170,180,350
"E54000008",2022-08-31,285,171,456
"E54000048",2022-08-01,108,73,181
"E54000048",2022-08-02,139,121,260
"E54000048",2022-08-03,174,112,286
"E54000048",2022-08-04,160,123,283
"E54000048",2022-08-05,150,125,275
"E54000048",2022-08-06,107,118,225
"E54000048",2022-08-07,85,51,136
"E54000048",2022-08-08,104,101,205
"E54000048",2022-08-09,134,128,262
"E54000048",2022-08-10,145,116,261
"E54000048",2022-08-11,168,135,303
"E54000048",2022-08-12,191,119,310
"E54000048",2022-08-13,114,107,221
"E54000048",2022-08-14,91,52,143
"E54000048",2022-08-15,104,91,195
"E54000048",2022-08-16,165,124,289
"E54000048",2022-08-17,162,142,304
"E54000048",2022-08-18,177,121,298
"E54000048",2022-08-19,165,126,291
"E54000048",2022-08-20,145,76,221
"E54000048",2022-08-21,84,54,138
"E54000048",2022-08-22,102,68,170
"E54000048",2022-08-23,136,119,255
"E54000048",2022-08-24,172,104,276
"E54000048",2022-08-25,174,139,313
"E54000048",2022-08-26,183,127,310
"E54000048",2022-08-27,146,85,231
"E54000048",2022-08-28,83,62,145
"E54000048",2022-08-29,76,42,118
"E54000048",2022-08-30,127,108,235
"E54000048",2022-08-31,136,127,263
"E54000032",2022-08-01,158,143,301
"E54000032",2022-08-02,219,137,356
"E54000032",2022-08-03,199,141,340
"E54000032",2022-08-04,192,129,321
"E54000032",2022-08-05,251,204,455
"E54000032",2022-08-06,133,121,254
"E54000032",2022-08-07,111,45,156
"E54000032",2022-08-08,178,193,371
"E54000032",2022-08-09,185,221,406
"E54000032",2022-08-10,186,246,432
"E54000032",2022-08-11,196,170,366
"E54000032",2022-08-12,203,221,424
"E54000032",2022-08-13,112,130,242
"E54000032",2022-08-14,96,57,153
"E54000032",2022-08-15,138,124,262
"E54000032",2022-08-16,168,130,298
"E54000032",2022-08-17,198,143,341
"E54000032",2022-08-18,173,139,312
"E54000032",2022-08-19,222,166,388
"E54000032",2022-08-20,130,72,202
"E54000032",2022-08-21,86,59,145
"E54000032",2022-08-22,158,98,256
"E54000032",2022-08-23,191,112,303
"E54000032",2022-08-24,189,131,320
"E54000032",2022-08-25,202,128,330
"E54000032",2022-08-26,226,186,412
"E54000032",2022-08-27,141,65,206
"E54000032",2022-08-28,91,44,135
"E54000032",2022-08-29,113,48,161
"E54000032",2022-08-30,170,145,315
"E54000032",2022-08-31,185,143,328
"E54000034",2022-08-01,0,0,0
"E54000034",2022-08-02,0,0,0
"E54000034",2022-08-03,0,0,0
"E54000034",2022-08-04,0,0,0
"E54000034",2022-08-05,0,0,0
"E54000034",2022-08-06,0,0,0
"E54000034",2022-08-07,0,0,0
"E54000034",2022-08-08,0,0,0
"E54000034",2022-08-09,0,0,0
"E54000034",2022-08-10,0,0,0
"E54000034",2022-08-11,0,0,0
"E54000034",2022-08-12,0,0,0
"E54000034",2022-08-13,0,0,0
"E54000034",2022-08-14,0,0,0
"E54000034",2022-08-15,0,0,0
"E54000034",2022-08-16,0,0,0
"E54000034",2022-08-17,0,0,0
"E54000034",2022-08-18,0,0,0
"E54000034",2022-08-19,0,0,0
"E54000034",2022-08-20,0,0,0
"E54000034",2022-08-21,0,0,0
"E54000034",2022-08-22,0,0,0
"E54000034",2022-08-23,0,0,0
"E54000034",2022-08-24,0,0,0
"E54000034",2022-08-25,0,0,0
"E54000034",2022-08-26,0,0,0
"E54000034",2022-08-27,0,0,0
"E54000034",2022-08-28,0,0,0
"E54000034",2022-08-29,0,0,0
"E54000034",2022-08-30,0,0,0
"E54000034",2022-08-31,0,0,0
"E54000042",2022-08-01,121,68,189
"E54000042",2022-08-02,165,117,282
"E54000042",2022-08-03,212,155,367
"E54000042",2022-08-04,201,114,315
"E54000042",2022-08-05,249,133,382
"E54000042",2022-08-06,162,128,290
"E54000042",2022-08-07,118,52,170
"E54000042",2022-08-08,139,144,283
"E54000042",2022-08-09,201,118,319
"E54000042",2022-08-10,193,167,360
"E54000042",2022-08-11,196,127,323
"E54000042",2022-08-12,174,159,333
"E54000042",2022-08-13,138,77,215
"E54000042",2022-08-14,101,38,139
"E54000042",2022-08-15,137,106,243
"E54000042",2022-08-16,200,126,326
"E54000042",2022-08-17,185,137,322
"E54000042",2022-08-18,187,143,330
"E54000042",2022-08-19,186,167,353
"E54000042",2022-08-20,151,66,217
"E54000042",2022-08-21,95,47,142
"E54000042",2022-08-22,143,108,251
"E54000042",2022-08-23,179,111,290
"E54000042",2022-08-24,202,132,334
"E54000042",2022-08-25,192,156,348
"E54000042",2022-08-26,197,149,346
"E54000042",2022-08-27,140,79,219
"E54000042",2022-08-28,86,57,143
"E54000042",2022-08-29,72,45,117
"E54000042",2022-08-30,115,115,230
"E54000042",2022-08-31,208,128,336
"E54000044",2022-08-01,171,99,270
"E54000044",2022-08-02,194,105,299
"E54000044",2022-08-03,187,154,341
"E54000044",2022-08-04,205,144,349
"E54000044",2022-08-05,189,152,341
"E54000044",2022-08-06,169,96,265
"E54000044",2022-08-07,108,53,161
"E54000044",2022-08-08,150,100,250
"E54000044",2022-08-09,215,138,353
"E54000044",2022-08-10,211,133,344
"E54000044",2022-08-11,208,132,340
"E54000044",2022-08-12,224,140,364
"E54000044",2022-08-13,170,112,282
"E54000044",2022-08-14,114,52,166
"E54000044",2022-08-15,165,137,302
"E54000044",2022-08-16,191,162,353
"E54000044",2022-08-17,188,142,330
"E54000044",2022-08-18,206,143,349
"E54000044",2022-08-19,215,174,389
"E54000044",2022-08-20,161,96,257
"E54000044",2022-08-21,116,61,177
"E54000044",2022-08-22,161,104,265
"E54000044",2022-08-23,187,157,344
"E54000044",2022-08-24,182,110,292
"E54000044",2022-08-25,198,134,332
"E54000044",2022-08-26,212,129,341
"E54000044",2022-08-27,164,116,280
"E54000044",2022-08-28,132,90,222
"E54000044",2022-08-29,139,74,213
"E54000044",2022-08-30,121,96,217
"E54000044",2022-08-31,180,130,310
"E54000052",2022-08-01,84,40,124
"E54000052",2022-08-02,81,62,143
"E54000052",2022-08-03,96,84,180
"E54000052",2022-08-04,99,64,163
"E54000052",2022-08-05,120,64,184
"E54000052",2022-08-06,97,47,144
"E54000052",2022-08-07,85,27,112
"E54000052",2022-08-08,77,51,128
"E54000052",2022-08-09,113,64,177
"E54000052",2022-08-10,121,86,207
"E54000052",2022-08-11,104,70,174
"E54000052",2022-08-12,140,67,207
"E54000052",2022-08-13,84,32,116
"E54000052",2022-08-14,75,24,99
"E54000052",2022-08-15,79,47,126
"E54000052",2022-08-16,107,66,173
"E54000052",2022-08-17,121,74,195
"E54000052",2022-08-18,119,59,178
"E54000052",2022-08-19,116,69,185
"E54000052",2022-08-20,114,61,175
"E54000052",2022-08-21,82,29,111
"E54000052",2022-08-22,62,51,113
"E54000052",2022-08-23,113,70,183
"E54000052",2022-08-24,118,52,170
"E54000052",2022-08-25,105,60,165
"E54000052",2022-08-26,127,73,200
"E54000052",2022-08-27,130,69,199
"E54000052",2022-08-28,90,47,137
"E54000052",2022-08-29,77,37,114
"E54000052",2022-08-30,64,49,113
"E54000052",2022-08-31,112,65,177
"E54000053",2022-08-01,135,45,180
"E54000053",2022-08-02,202,118,320
"E54000053",2022-08-03,209,123,332
"E54000053",2022-08-04,163,114,277
"E54000053",2022-08-05,180,141,321
"E54000053",2022-08-06,165,139,304
"E54000053",2022-08-07,119,60,179
"E54000053",2022-08-08,158,105,263
"E54000053",2022-08-09,221,157,378
"E54000053",2022-08-10,177,145,322
"E54000053",2022-08-11,201,137,338
"E54000053",2022-08-12,237,181,418
"E54000053",2022-08-13,134,55,189
"E54000053",2022-08-14,91,36,127
"E54000053",2022-08-15,156,120,276
"E54000053",2022-08-16,192,150,342
"E54000053",2022-08-17,200,127,327
"E54000053",2022-08-18,198,121,319
"E54000053",2022-08-19,228,162,390
"E54000053",2022-08-20,207,187,394
"E54000053",2022-08-21,137,90,227
"E54000053",2022-08-22,168,121,289
"E54000053",2022-08-23,178,131,309
"E54000053",2022-08-24,164,136,300
"E54000053",2022-08-25,182,146,328
"E54000053",2022-08-26,207,205,412
"E54000053",2022-08-27,166,105,271
"E54000053",2022-08-28,136,67,203
"E54000053",2022-08-29,126,69,195
"E54000053",2022-08-30,159,126,285
"E54000053",2022-08-31,205,119,324
"E54000036",2022-08-01,44,25,69
"E54000036",2022-08-02,57,45,102
"E54000036",2022-08-03,61,43,104
"E54000036",2022-08-04,57,34,91
"E54000036",2022-08-05,56,56,112
"E54000036",2022-08-06,42,23,65
"E54000036",2022-08-07,18,16,34
"E54000036",2022-08-08,32,31,63
"E54000036",2022-08-09,48,41,89
"E54000036",2022-08-10,52,46,98
"E54000036",2022-08-11,48,26,74
"E54000036",2022-08-12,47,43,90
"E54000036",2022-08-13,36,19,55
"E54000036",2022-08-14,20,9,29
"E54000036",2022-08-15,32,38,70
"E54000036",2022-08-16,43,44,87
"E54000036",2022-08-17,52,34,86
"E54000036",2022-08-18,42,41,83
"E54000036",2022-08-19,54,42,96
"E54000036",2022-08-20,51,13,64
"E54000036",2022-08-21,36,11,47
"E54000036",2022-08-22,34,44,78
"E54000036",2022-08-23,58,37,95
"E54000036",2022-08-24,48,42,90
"E54000036",2022-08-25,50,39,89
"E54000036",2022-08-26,52,56,108
"E54000036",2022-08-27,55,24,79
"E54000036",2022-08-28,30,15,45
"E54000036",2022-08-29,29,13,42
"E54000036",2022-08-30,43,41,84
"E54000036",2022-08-31,68,37,105
"E54000037",2022-08-01,126,96,222
"E54000037",2022-08-02,170,114,284
"E54000037",2022-08-03,163,131,294
"E54000037",2022-08-04,157,121,278
"E54000037",2022-08-05,201,126,327
"E54000037",2022-08-06,101,59,160
"E54000037",2022-08-07,88,59,147
"E54000037",2022-08-08,141,107,248
"E54000037",2022-08-09,194,116,310
"E54000037",2022-08-10,186,130,316
"E54000037",2022-08-11,164,106,270
"E54000037",2022-08-12,169,135,304
"E54000037",2022-08-13,96,79,175
"E54000037",2022-08-14,86,50,136
"E54000037",2022-08-15,130,121,251
"E54000037",2022-08-16,176,108,284
"E54000037",2022-08-17,164,108,272
"E54000037",2022-08-18,159,103,262
"E54000037",2022-08-19,147,90,237
"E54000037",2022-08-20,87,44,131
"E54000037",2022-08-21,81,45,126
"E54000037",2022-08-22,129,118,247
"E54000037",2022-08-23,196,115,311
"E54000037",2022-08-24,191,95,286
"E54000037",2022-08-25,176,129,305
"E54000037",2022-08-26,191,123,314
"E54000037",2022-08-27,151,112,263
"E54000037",2022-08-28,99,76,175
"E54000037",2022-08-29,104,44,148
"E54000037",2022-08-30,117,88,205
"E54000037",2022-08-31,147,131,278
"E54000038",2022-08-01,54,28,82
"E54000038",2022-08-02,86,39,125
"E54000038",2022-08-03,64,58,122
"E54000038",2022-08-04,86,37,123
"E54000038",2022-08-05,67,62,129
"E54000038",2022-08-06,44,10,54
"E54000038",2022-08-07,24,9,33
"E54000038",2022-08-08,58,30,88
"E54000038",2022-08-09,79,40,119
"E54000038",2022-08-10,73,35,108
"E54000038",2022-08-11,99,36,135
"E54000038",2022-08-12,92,44,136
"E54000038",2022-08-13,46,19,65
"E54000038",2022-08-14,24,5,29
"E54000038",2022-08-15,60,19,79
"E54000038",2022-08-16,78,45,123
"E54000038",2022-08-17,78,33,111
"E54000038",2022-08-18,85,39,124
"E54000038",2022-08-19,62,54,116
"E54000038",2022-08-20,48,13,61
"E54000038",2022-08-21,25,3,28
"E54000038",2022-08-22,52,28,80
"E54000038",2022-08-23,69,23,92
"E54000038",2022-08-24,78,53,131
"E54000038",2022-08-25,89,51,140
"E54000038",2022-08-26,109,61,170
"E54000038",2022-08-27,38,17,55
"E54000038",2022-08-28,26,12,38
"E54000038",2022-08-29,35,12,47
"E54000038",2022-08-30,66,46,112
"E54000038",2022-08-31,80,43,123
"E54000039",2022-08-01,78,97,175
"E54000039",2022-08-02,134,92,226
"E54000039",2022-08-03,108,101,209
"E54000039",2022-08-04,106,100,206
"E54000039",2022-08-05,108,104,212
"E54000039",2022-08-06,104,45,149
"E54000039",2022-08-07,45,38,83
"E54000039",2022-08-08,130,93,223
"E54000039",2022-08-09,128,94,222
"E54000039",2022-08-10,97,107,204
"E54000039",2022-08-11,114,78,192
"E54000039",2022-08-12,116,114,230
"E54000039",2022-08-13,66,37,103
"E54000039",2022-08-14,56,49,105
"E54000039",2022-08-15,110,84,194
"E54000039",2022-08-16,102,94,196
"E54000039",2022-08-17,111,132,243
"E54000039",2022-08-18,108,115,223
"E54000039",2022-08-19,153,93,246
"E54000039",2022-08-20,68,48,116
"E54000039",2022-08-21,65,51,116
"E54000039",2022-08-22,100,85,185
"E54000039",2022-08-23,104,110,214
"E54000039",2022-08-24,116,99,215
"E54000039",2022-08-25,130,96,226
"E54000039",2022-08-26,117,141,258
"E54000039",2022-08-27,59,82,141
"E54000039",2022-08-28,56,38,94
"E54000039",2022-08-29,72,41,113
"E54000039",2022-08-30,108,84,192
"E54000039",2022-08-31,123,99,222
"E54000040",2022-08-01,86,63,149
"E54000040",2022-08-02,157,103,260
"E54000040",2022-08-03,159,108,267
"E54000040",2022-08-04,155,100,255
"E54000040",2022-08-05,144,110,254
"E54000040",2022-08-06,133,70,203
"E54000040",2022-08-07,121,64,185
"E54000040",2022-08-08,98,53,151
"E54000040",2022-08-09,138,77,215
"E54000040",2022-08-10,159,128,287
"E54000040",2022-08-11,152,86,238
"E54000040",2022-08-12,164,112,276
"E54000040",2022-08-13,140,96,236
"E54000040",2022-08-14,69,53,122
"E54000040",2022-08-15,108,70,178
"E54000040",2022-08-16,158,84,242
"E54000040",2022-08-17,177,111,288
"E54000040",2022-08-18,97,70,167
"E54000040",2022-08-19,149,105,254
"E54000040",2022-08-20,151,87,238
"E54000040",2022-08-21,85,53,138
"E54000040",2022-08-22,92,51,143
"E54000040",2022-08-23,153,108,261
"E54000040",2022-08-24,148,117,265
"E54000040",2022-08-25,132,103,235
"E54000040",2022-08-26,171,111,282
"E54000040",2022-08-27,178,83,261
"E54000040",2022-08-28,105,49,154
"E54000040",2022-08-29,92,34,126
"E54000040",2022-08-30,113,82,195
"E54000040",2022-08-31,145,104,249
"E54000041",2022-08-01,80,53,133
"E54000041",2022-08-02,86,70,156
"E54000041",2022-08-03,84,40,124
"E54000041",2022-08-04,84,59,143
"E54000041",2022-08-05,102,55,157
"E54000041",2022-08-06,63,20,83
"E54000041",2022-08-07,29,12,41
"E54000041",2022-08-08,73,55,128
"E54000041",2022-08-09,114,60,174
"E54000041",2022-08-10,77,61,138
"E54000041",2022-08-11,92,40,132
"E54000041",2022-08-12,97,48,145
"E54000041",2022-08-13,54,21,75
"E54000041",2022-08-14,45,11,56
"E54000041",2022-08-15,77,42,119
"E54000041",2022-08-16,82,43,125
"E54000041",2022-08-17,79,41,120
"E54000041",2022-08-18,91,65,156
"E54000041",2022-08-19,96,58,154
"E54000041",2022-08-20,58,18,76
"E54000041",2022-08-21,37,30,67
"E54000041",2022-08-22,70,37,107
"E54000041",2022-08-23,99,50,149
"E54000041",2022-08-24,92,52,144
"E54000041",2022-08-25,101,44,145
"E54000041",2022-08-26,86,59,145
"E54000041",2022-08-27,76,19,95
"E54000041",2022-08-28,52,18,70
"E54000041",2022-08-29,36,15,51
"E54000041",2022-08-30,75,37,112
"E54000041",2022-08-31,83,57,140
"E54000043",2022-08-01,30,42,72
"E54000043",2022-08-02,23,49,72
"E54000043",2022-08-03,37,29,66
"E54000043",2022-08-04,56,37,93
"E54000043",2022-08-05,41,31,72
"E54000043",2022-08-06,35,27,62
"E54000043",2022-08-07,24,23,47
"E54000043",2022-08-08,42,26,68
"E54000043",2022-08-09,44,27,71
"E54000043",2022-08-10,43,31,74
"E54000043",2022-08-11,39,39,78
"E54000043",2022-08-12,65,41,106
"E54000043",2022-08-13,27,23,50
"E54000043",2022-08-14,26,11,37
"E54000043",2022-08-15,54,27,81
"E54000043",2022-08-16,53,30,83
"E54000043",2022-08-17,57,22,79
"E54000043",2022-08-18,48,35,83
"E54000043",2022-08-19,46,50,96
"E54000043",2022-08-20,39,22,61
"E54000043",2022-08-21,28,5,33
"E54000043",2022-08-22,41,43,84
"E54000043",2022-08-23,45,46,91
"E54000043",2022-08-24,44,35,79
"E54000043",2022-08-25,47,25,72
"E54000043",2022-08-26,65,37,102
"E54000043",2022-08-27,49,25,74
"E54000043",2022-08-28,18,24,42
"E54000043",2022-08-29,25,11,36
"E54000043",2022-08-30,40,32,72
"E54000043",2022-08-31,39,25,64
"E54000056",2022-09-01,111,85,196
"E54000056",2022-09-02,129,90,219
"E54000056",2022-09-03,116,82,198
"E54000056",2022-09-04,69,49,118
"E54000056",2022-09-05,78,60,138
"E54000056",2022-09-06,119,90,209
"E54000056",2022-09-07,125,98,223
"E54000056",2022-09-08,119,80,199
"E54000056",2022-09-09,124,112,236
"E54000056",2022-09-10,114,91,205
"E54000056",2022-09-11,72,45,117
"E54000056",2022-09-12,74,63,137
"E54000056",2022-09-13,100,92,192
"E54000056",2022-09-14,142,110,252
"E54000056",2022-09-15,131,96,227
"E54000056",2022-09-16,126,88,214
"E54000056",2022-09-17,102,102,204
"E54000056",2022-09-18,90,56,146
"E54000056",2022-09-19,73,49,122
"E54000056",2022-09-20,72,76,148
"E54000056",2022-09-21,96,86,182
"E54000056",2022-09-22,138,94,232
"E54000056",2022-09-23,132,80,212
"E54000056",2022-09-24,123,85,208
"E54000056",2022-09-25,72,42,114
"E54000056",2022-09-26,72,61,133
"E54000056",2022-09-27,91,89,180
"E54000056",2022-09-28,123,84,207
"E54000056",2022-09-29,125,83,208
"E54000056",2022-09-30,121,94,215
"E54000022",2022-09-01,154,119,273
"E54000022",2022-09-02,148,121,269
"E54000022",2022-09-03,131,74,205
"E54000022",2022-09-04,94,35,129
"E54000022",2022-09-05,102,65,167
"E54000022",2022-09-06,157,101,258
"E54000022",2022-09-07,160,110,270
"E54000022",2022-09-08,155,108,263
"E54000022",2022-09-09,165,107,272
"E54000022",2022-09-10,158,87,245
"E54000022",2022-09-11,110,39,149
"E54000022",2022-09-12,110,76,186
"E54000022",2022-09-13,139,101,240
"E54000022",2022-09-14,161,114,275
"E54000022",2022-09-15,156,131,287
"E54000022",2022-09-16,154,96,250
"E54000022",2022-09-17,142,84,226
"E54000022",2022-09-18,107,54,161
"E54000022",2022-09-19,93,62,155
"E54000022",2022-09-20,129,54,183
"E54000022",2022-09-21,163,69,232
"E54000022",2022-09-22,154,89,243
"E54000022",2022-09-23,160,65,225
"E54000022",2022-09-24,120,112,232
"E54000022",2022-09-25,85,51,136
"E54000022",2022-09-26,121,60,181
"E54000022",2022-09-27,140,105,245
"E54000022",2022-09-28,176,103,279
"E54000022",2022-09-29,166,87,253
"E54000022",2022-09-30,179,96,275
"E54000023",2022-09-01,147,89,236
"E54000023",2022-09-02,147,90,237
"E54000023",2022-09-03,87,48,135
"E54000023",2022-09-04,81,34,115
"E54000023",2022-09-05,106,82,188
"E54000023",2022-09-06,142,62,204
"E54000023",2022-09-07,125,76,201
"E54000023",2022-09-08,141,85,226
"E54000023",2022-09-09,123,95,218
"E54000023",2022-09-10,87,48,135
"E54000023",2022-09-11,62,49,111
"E54000023",2022-09-12,130,73,203
"E54000023",2022-09-13,158,79,237
"E54000023",2022-09-14,140,93,233
"E54000023",2022-09-15,150,79,229
"E54000023",2022-09-16,179,110,289
"E54000023",2022-09-17,109,58,167
"E54000023",2022-09-18,68,56,124
"E54000023",2022-09-19,86,41,127
"E54000023",2022-09-20,120,102,222
"E54000023",2022-09-21,136,74,210
"E54000023",2022-09-22,130,90,220
"E54000023",2022-09-23,165,99,264
"E54000023",2022-09-24,97,55,152
"E54000023",2022-09-25,62,28,90
"E54000023",2022-09-26,112,78,190
"E54000023",2022-09-27,156,69,225
"E54000023",2022-09-28,145,83,228
"E54000023",2022-09-29,149,72,221
"E54000023",2022-09-30,151,114,265
"E54000024",2022-09-01,74,45,119
"E54000024",2022-09-02,93,42,135
"E54000024",2022-09-03,37,25,62
"E54000024",2022-09-04,43,23,66
"E54000024",2022-09-05,101,64,165
"E54000024",2022-09-06,119,72,191
"E54000024",2022-09-07,140,45,185
"E54000024",2022-09-08,126,66,192
"E54000024",2022-09-09,148,60,208
"E54000024",2022-09-10,50,33,83
"E54000024",2022-09-11,62,31,93
"E54000024",2022-09-12,92,54,146
"E54000024",2022-09-13,134,60,194
"E54000024",2022-09-14,127,63,190
"E54000024",2022-09-15,128,67,195
"E54000024",2022-09-16,114,80,194
"E54000024",2022-09-17,70,51,121
"E54000024",2022-09-18,51,44,95
"E54000024",2022-09-19,56,26,82
"E54000024",2022-09-20,95,56,151
"E54000024",2022-09-21,117,51,168
"E54000024",2022-09-22,120,51,171
"E54000024",2022-09-23,181,52,233
"E54000024",2022-09-24,54,40,94
"E54000024",2022-09-25,56,37,93
"E54000024",2022-09-26,113,53,166
"E54000024",2022-09-27,122,62,184
"E54000024",2022-09-28,154,52,206
"E54000024",2022-09-29,133,46,179
"E54000024",2022-09-30,132,58,190
"E54000025",2022-09-01,118,99,217
"E54000025",2022-09-02,129,99,228
"E54000025",2022-09-03,89,66,155
"E54000025",2022-09-04,68,43,111
"E54000025",2022-09-05,83,66,149
"E54000025",2022-09-06,131,88,219
"E54000025",2022-09-07,116,103,219
"E54000025",2022-09-08,120,82,202
"E54000025",2022-09-09,136,96,232
"E54000025",2022-09-10,97,49,146
"E54000025",2022-09-11,74,42,116
"E54000025",2022-09-12,87,85,172
"E54000025",2022-09-13,134,108,242
"E54000025",2022-09-14,125,113,238
"E54000025",2022-09-15,118,86,204
"E54000025",2022-09-16,118,116,234
"E54000025",2022-09-17,105,76,181
"E54000025",2022-09-18,83,34,117
"E54000025",2022-09-19,66,39,105
"E54000025",2022-09-20,97,80,177
"E54000025",2022-09-21,133,98,231
"E54000025",2022-09-22,127,98,225
"E54000025",2022-09-23,128,132,260
"E54000025",2022-09-24,100,63,163
"E54000025",2022-09-25,73,40,113
"E54000025",2022-09-26,106,74,180
"E54000025",2022-09-27,136,106,242
"E54000025",2022-09-28,141,92,233
"E54000025",2022-09-29,122,70,192
"E54000025",2022-09-30,135,75,210
"E54000026",2022-09-01,45,17,62
"E54000026",2022-09-02,54,19,73
"E54000026",2022-09-03,47,15,62
"E54000026",2022-09-04,0,0,0
"E54000026",2022-09-05,0,0,0
"E54000026",2022-09-06,15,6,21
"E54000026",2022-09-07,43,14,57
"E54000026",2022-09-08,47,17,64
"E54000026",2022-09-09,53,16,69
"E54000026",2022-09-10,42,14,56
"E54000026",2022-09-11,0,0,0
"E54000026",2022-09-12,0,0,0
"E54000026",2022-09-13,23,7,30
"E54000026",2022-09-14,36,13,49
"E54000026",2022-09-15,51,19,70
"E54000026",2022-09-16,5,0,5
"E54000026",2022-09-17,47,16,63
"E54000026",2022-09-18,0,0,0
"E54000026",2022-09-19,0,0,0
"E54000026",2022-09-20,23,7,30
"E54000026",2022-09-21,34,13,47
"E54000026",2022-09-22,43,18,61
"E54000026",2022-09-23,48,18,66
"E54000026",2022-09-24,54,20,74
"E54000026",2022-09-25,0,0,0
"E54000026",2022-09-26,0,0,0
"E54000026",2022-09-27,18,6,24
"E54000026",2022-09-28,47,16,63
"E54000026",2022-09-29,57,19,76
"E54000026",2022-09-30,58,18,76
"E54000027",2022-09-01,147,79,226
"E54000027",2022-09-02,112,52,164
"E54000027",2022-09-03,122,66,188
"E54000027",2022-09-04,63,13,76
"E54000027",2022-09-05,131,56,187
"E54000027",2022-09-06,202,65,267
"E54000027",2022-09-07,204,88,292
"E54000027",2022-09-08,171,88,259
"E54000027",2022-09-09,201,80,281
"E54000027",2022-09-10,161,37,198
"E54000027",2022-09-11,109,26,135
"E54000027",2022-09-12,113,50,163
"E54000027",2022-09-13,136,64,200
"E54000027",2022-09-14,168,71,239
"E54000027",2022-09-15,162,81,243
"E54000027",2022-09-16,171,97,268
"E54000027",2022-09-17,134,52,186
"E54000027",2022-09-18,99,39,138
"E54000027",2022-09-19,99,36,135
"E54000027",2022-09-20,155,77,232
"E54000027",2022-09-21,190,69,259
"E54000027",2022-09-22,207,80,287
"E54000027",2022-09-23,206,98,304
"E54000027",2022-09-24,158,57,215
"E54000027",2022-09-25,90,25,115
"E54000027",2022-09-26,146,81,227
"E54000027",2022-09-27,185,73,258
"E54000027",2022-09-28,192,76,268
"E54000027",2022-09-29,212,72,284
"E54000027",2022-09-30,211,90,301
"E54000028",2022-09-01,182,148,330
"E54000028",2022-09-02,164,142,306
"E54000028",2022-09-03,143,154,297
"E54000028",2022-09-04,87,102,189
"E54000028",2022-09-05,114,102,216
"E54000028",2022-09-06,120,145,265
"E54000028",2022-09-07,159,141,300
"E54000028",2022-09-08,142,150,292
"E54000028",2022-09-09,158,164,322
"E54000028",2022-09-10,169,131,300
"E54000028",2022-09-11,96,93,189
"E54000028",2022-09-12,89,82,171
"E54000028",2022-09-13,131,138,269
"E54000028",2022-09-14,165,112,277
"E54000028",2022-09-15,174,143,317
"E54000028",2022-09-16,170,150,320
"E54000028",2022-09-17,169,182,351
"E54000028",2022-09-18,114,99,213
"E54000028",2022-09-19,97,93,190
"E54000028",2022-09-20,94,91,185
"E54000028",2022-09-21,125,125,250
"E54000028",2022-09-22,147,130,277
"E54000028",2022-09-23,167,139,306
"E54000028",2022-09-24,168,144,312
"E54000028",2022-09-25,108,86,194
"E54000028",2022-09-26,88,108,196
"E54000028",2022-09-27,108,103,211
"E54000028",2022-09-28,151,135,286
"E54000028",2022-09-29,126,121,247
"E54000028",2022-09-30,138,125,263
"E54000029",2022-09-01,177,150,327
"E54000029",2022-09-02,176,213,389
"E54000029",2022-09-03,148,109,257
"E54000029",2022-09-04,129,68,197
"E54000029",2022-09-05,128,82,210
"E54000029",2022-09-06,182,142,324
"E54000029",2022-09-07,175,165,340
"E54000029",2022-09-08,184,166,350
"E54000029",2022-09-09,188,184,372
"E54000029",2022-09-10,141,85,226
"E54000029",2022-09-11,99,59,158
"E54000029",2022-09-12,107,134,241
"E54000029",2022-09-13,164,132,296
"E54000029",2022-09-14,170,169,339
"E54000029",2022-09-15,182,177,359
"E54000029",2022-09-16,181,200,381
"E54000029",2022-09-17,186,143,329
"E54000029",2022-09-18,111,88,199
"E54000029",2022-09-19,103,74,177
"E54000029",2022-09-20,107,141,248
"E54000029",2022-09-21,181,189,370
"E54000029",2022-09-22,184,196,380
"E54000029",2022-09-23,169,184,353
"E54000029",2022-09-24,177,142,319
"E54000029",2022-09-25,117,70,187
"E54000029",2022-09-26,103,116,219
"E54000029",2022-09-27,159,152,311
"E54000029",2022-09-28,109,102,211
"E54000029",2022-09-29,180,155,335
"E54000029",2022-09-30,203,149,352
"E54000030",2022-09-01,190,153,343
"E54000030",2022-09-02,186,128,314
"E54000030",2022-09-03,110,71,181
"E54000030",2022-09-04,87,49,136
"E54000030",2022-09-05,150,144,294
"E54000030",2022-09-06,187,121,308
"E54000030",2022-09-07,226,130,356
"E54000030",2022-09-08,193,135,328
"E54000030",2022-09-09,203,100,303
"E54000030",2022-09-10,132,60,192
"E54000030",2022-09-11,93,26,119
"E54000030",2022-09-12,175,161,336
"E54000030",2022-09-13,247,139,386
"E54000030",2022-09-14,191,157,348
"E54000030",2022-09-15,216,147,363
"E54000030",2022-09-16,234,186,420
"E54000030",2022-09-17,126,99,225
"E54000030",2022-09-18,100,64,164
"E54000030",2022-09-19,124,43,167
"E54000030",2022-09-20,156,127,283
"E54000030",2022-09-21,201,131,332
"E54000030",2022-09-22,220,116,336
"E54000030",2022-09-23,125,140,265
"E54000030",2022-09-24,121,25,146
"E54000030",2022-09-25,101,56,157
"E54000030",2022-09-26,180,108,288
"E54000030",2022-09-27,215,141,356
"E54000030",2022-09-28,200,133,333
"E54000030",2022-09-29,198,114,312
"E54000030",2022-09-30,140,196,336
"E54000031",2022-09-01,115,79,194
"E54000031",2022-09-02,109,110,219
"E54000031",2022-09-03,75,41,116
"E54000031",2022-09-04,54,24,78
"E54000031",2022-09-05,84,89,173
"E54000031",2022-09-06,116,98,214
"E54000031",2022-09-07,101,115,216
"E54000031",2022-09-08,102,117,219
"E54000031",2022-09-09,115,129,244
"E54000031",2022-09-10,69,66,135
"E54000031",2022-09-11,60,39,99
"E54000031",2022-09-12,79,100,179
"E54000031",2022-09-13,136,99,235
"E54000031",2022-09-14,121,122,243
"E54000031",2022-09-15,133,111,244
"E54000031",2022-09-16,145,83,228
"E54000031",2022-09-17,71,57,128
"E54000031",2022-09-18,54,38,92
"E54000031",2022-09-19,62,38,100
"E54000031",2022-09-20,98,71,169
"E54000031",2022-09-21,133,126,259
"E54000031",2022-09-22,142,120,262
"E54000031",2022-09-23,130,127,257
"E54000031",2022-09-24,91,63,154
"E54000031",2022-09-25,44,52,96
"E54000031",2022-09-26,95,121,216
"E54000031",2022-09-27,143,103,246
"E54000031",2022-09-28,162,123,285
"E54000031",2022-09-29,173,128,301
"E54000031",2022-09-30,159,138,297
"E54000010",2022-09-01,0,0,0
"E54000010",2022-09-02,0,0,0
"E54000010",2022-09-03,0,0,0
"E54000010",2022-09-04,0,0,0
"E54000010",2022-09-05,73,50,123
"E54000010",2022-09-06,77,38,115
"E54000010",2022-09-07,99,68,167
"E54000010",2022-09-08,96,39,135
"E54000010",2022-09-09,94,55,149
"E54000010",2022-09-10,73,42,115
"E54000010",2022-09-11,53,20,73
"E54000010",2022-09-12,65,62,127
"E54000010",2022-09-13,89,58,147
"E54000010",2022-09-14,82,49,131
"E54000010",2022-09-15,89,56,145
"E54000010",2022-09-16,90,47,137
"E54000010",2022-09-17,66,43,109
"E54000010",2022-09-18,76,30,106
"E54000010",2022-09-19,62,23,85
"E54000010",2022-09-20,69,57,126
"E54000010",2022-09-21,100,57,157
"E54000010",2022-09-22,115,36,151
"E54000010",2022-09-23,106,60,166
"E54000010",2022-09-24,86,30,116
"E54000010",2022-09-25,54,24,78
"E54000010",2022-09-26,64,36,100
"E54000010",2022-09-27,98,48,146
"E54000010",2022-09-28,83,72,155
"E54000010",2022-09-29,81,60,141
"E54000010",2022-09-30,92,46,138
"E54000011",2022-09-01,55,55,110
"E54000011",2022-09-02,62,37,99
"E54000011",2022-09-03,55,61,116
"E54000011",2022-09-04,39,33,72
"E54000011",2022-09-05,41,9,50
"E54000011",2022-09-06,40,35,75
"E54000011",2022-09-07,51,39,90
"E54000011",2022-09-08,57,46,103
"E54000011",2022-09-09,59,43,102
"E54000011",2022-09-10,66,67,133
"E54000011",2022-09-11,44,24,68
"E54000011",2022-09-12,36,14,50
"E54000011",2022-09-13,43,48,91
"E54000011",2022-09-14,58,44,102
"E54000011",2022-09-15,52,69,121
"E54000011",2022-09-16,55,56,111
"E54000011",2022-09-17,69,77,146
"E54000011",2022-09-18,44,37,81
"E54000011",2022-09-19,35,21,56
"E54000011",2022-09-20,49,25,74
"E54000011",2022-09-21,44,53,97
"E54000011",2022-09-22,54,48,102
"E54000011",2022-09-23,51,51,102
"E54000011",2022-09-24,60,71,131
"E54000011",2022-09-25,36,33,69
"E54000011",2022-09-26,26,16,42
"E54000011",2022-09-27,51,43,94
"E54000011",2022-09-28,52,59,111
"E54000011",2022-09-29,68,47,115
"E54000011",2022-09-30,51,52,103
"E54000058",2022-09-01,161,125,286
"E54000058",2022-09-02,190,125,315
"E54000058",2022-09-03,121,72,193
"E54000058",2022-09-04,86,44,130
"E54000058",2022-09-05,102,108,210
"E54000058",2022-09-06,157,115,272
"E54000058",2022-09-07,168,112,280
"E54000058",2022-09-08,145,97,242
"E54000058",2022-09-09,189,159,348
"E54000058",2022-09-10,111,63,174
"E54000058",2022-09-11,143,66,209
"E54000058",2022-09-12,144,109,253
"E54000058",2022-09-13,164,91,255
"E54000058",2022-09-14,158,110,268
"E54000058",2022-09-15,202,104,306
"E54000058",2022-09-16,159,145,304
"E54000058",2022-09-17,115,58,173
"E54000058",2022-09-18,119,44,163
"E54000058",2022-09-19,105,49,154
"E54000058",2022-09-20,130,118,248
"E54000058",2022-09-21,155,103,258
"E54000058",2022-09-22,168,121,289
"E54000058",2022-09-23,175,118,293
"E54000058",2022-09-24,126,70,196
"E54000058",2022-09-25,115,41,156
"E54000058",2022-09-26,112,110,222
"E54000058",2022-09-27,139,105,244
"E54000058",2022-09-28,187,94,281
"E54000058",2022-09-29,168,104,272
"E54000058",2022-09-30,174,93,267
"E54000013",2022-09-01,0,0,0
"E54000013",2022-09-02,0,0,0
"E54000013",2022-09-03,0,0,0
"E54000013",2022-09-04,0,0,0
"E54000013",2022-09-05,0,0,0
"E54000013",2022-09-06,0,0,0
"E54000013",2022-09-07,0,0,0
"E54000013",2022-09-08,0,0,0
"E54000013",2022-09-09,0,0,0
"E54000013",2022-09-10,0,0,0
"E54000013",2022-09-11,0,0,0
"E54000013",2022-09-12,0,0,0
"E54000013",2022-09-13,0,0,0
"E54000013",2022-09-14,0,0,0
"E54000013",2022-09-15,0,0,0
"E54000013",2022-09-16,0,0,0
"E54000013",2022-09-17,0,0,0
"E54000013",2022-09-18,0,0,0
"E54000013",2022-09-19,0,0,0
"E54000013",2022-09-20,0,0,0
"E54000013",2022-09-21,0,0,0
"E54000013",2022-09-22,0,0,0
"E54000013",2022-09-23,0,0,0
"E54000013",2022-09-24,0,0,0
"E54000013",2022-09-25,0,0,0
"E54000013",2022-09-26,0,0,0
"E54000013",2022-09-27,0,0,0
"E54000013",2022-09-28,0,0,0
"E54000013",2022-09-29,0,0,0
"E54000013",2022-09-30,0,0,0
"E54000060",2022-09-01,219,131,350
"E54000060",2022-09-02,189,111,300
"E54000060",2022-09-03,192,150,342
"E54000060",2022-09-04,114,75,189
"E54000060",2022-09-05,92,48,140
"E54000060",2022-09-06,147,107,254
"E54000060",2022-09-07,212,100,312
"E54000060",2022-09-08,215,142,357
"E54000060",2022-09-09,201,126,327
"E54000060",2022-09-10,200,84,284
"E54000060",2022-09-11,102,92,194
"E54000060",2022-09-12,96,48,144
"E54000060",2022-09-13,151,118,269
"E54000060",2022-09-14,212,111,323
"E54000060",2022-09-15,216,127,343
"E54000060",2022-09-16,194,128,322
"E54000060",2022-09-17,180,152,332
"E54000060",2022-09-18,121,71,192
"E54000060",2022-09-19,102,65,167
"E54000060",2022-09-20,99,63,162
"E54000060",2022-09-21,139,115,254
"E54000060",2022-09-22,194,120,314
"E54000060",2022-09-23,185,117,302
"E54000060",2022-09-24,178,145,323
"E54000060",2022-09-25,97,78,175
"E54000060",2022-09-26,71,46,117
"E54000060",2022-09-27,158,114,272
"E54000060",2022-09-28,194,117,311
"E54000060",2022-09-29,188,137,325
"E54000060",2022-09-30,209,137,346
"E54000015",2022-09-01,129,131,260
"E54000015",2022-09-02,162,162,324
"E54000015",2022-09-03,122,67,189
"E54000015",2022-09-04,85,44,129
"E54000015",2022-09-05,106,107,213
"E54000015",2022-09-06,117,118,235
"E54000015",2022-09-07,163,140,303
"E54000015",2022-09-08,126,151,277
"E54000015",2022-09-09,157,157,314
"E54000015",2022-09-10,120,84,204
"E54000015",2022-09-11,83,49,132
"E54000015",2022-09-12,116,146,262
"E54000015",2022-09-13,144,146,290
"E54000015",2022-09-14,157,149,306
"E54000015",2022-09-15,174,135,309
"E54000015",2022-09-16,146,162,308
"E54000015",2022-09-17,139,79,218
"E54000015",2022-09-18,74,56,130
"E54000015",2022-09-19,115,70,185
"E54000015",2022-09-20,108,127,235
"E54000015",2022-09-21,140,148,288
"E54000015",2022-09-22,131,146,277
"E54000015",2022-09-23,144,163,307
"E54000015",2022-09-24,104,67,171
"E54000015",2022-09-25,67,44,111
"E54000015",2022-09-26,93,125,218
"E54000015",2022-09-27,149,129,278
"E54000015",2022-09-28,116,121,237
"E54000015",2022-09-29,143,118,261
"E54000015",2022-09-30,146,136,282
"E54000062",2022-09-01,205,153,358
"E54000062",2022-09-02,226,124,350
"E54000062",2022-09-03,194,158,352
"E54000062",2022-09-04,158,83,241
"E54000062",2022-09-05,155,84,239
"E54000062",2022-09-06,175,125,300
"E54000062",2022-09-07,207,140,347
"E54000062",2022-09-08,189,152,341
"E54000062",2022-09-09,218,135,353
"E54000062",2022-09-10,184,130,314
"E54000062",2022-09-11,124,82,206
"E54000062",2022-09-12,156,85,241
"E54000062",2022-09-13,177,123,300
"E54000062",2022-09-14,235,141,376
"E54000062",2022-09-15,206,149,355
"E54000062",2022-09-16,210,142,352
"E54000062",2022-09-17,172,142,314
"E54000062",2022-09-18,155,95,250
"E54000062",2022-09-19,149,83,232
"E54000062",2022-09-20,182,90,272
"E54000062",2022-09-21,180,137,317
"E54000062",2022-09-22,227,148,375
"E54000062",2022-09-23,214,137,351
"E54000062",2022-09-24,171,133,304
"E54000062",2022-09-25,106,95,201
"E54000062",2022-09-26,135,114,249
"E54000062",2022-09-27,196,121,317
"E54000062",2022-09-28,247,143,390
"E54000062",2022-09-29,242,129,371
"E54000062",2022-09-30,221,141,362
"E54000055",2022-09-01,26,20,46
"E54000055",2022-09-02,23,35,58
"E54000055",2022-09-03,18,14,32
"E54000055",2022-09-04,15,16,31
"E54000055",2022-09-05,19,21,40
"E54000055",2022-09-06,32,27,59
"E54000055",2022-09-07,22,22,44
"E54000055",2022-09-08,19,20,39
"E54000055",2022-09-09,32,35,67
"E54000055",2022-09-10,30,18,48
"E54000055",2022-09-11,19,14,33
"E54000055",2022-09-12,21,17,38
"E54000055",2022-09-13,24,46,70
"E54000055",2022-09-14,25,27,52
"E54000055",2022-09-15,30,19,49
"E54000055",2022-09-16,19,29,48
"E54000055",2022-09-17,17,23,40
"E54000055",2022-09-18,24,15,39
"E54000055",2022-09-19,14,8,22
"E54000055",2022-09-20,20,37,57
"E54000055",2022-09-21,32,26,58
"E54000055",2022-09-22,21,30,51
"E54000055",2022-09-23,33,35,68
"E54000055",2022-09-24,20,18,38
"E54000055",2022-09-25,22,19,41
"E54000055",2022-09-26,17,20,37
"E54000055",2022-09-27,27,31,58
"E54000055",2022-09-28,23,37,60
"E54000055",2022-09-29,32,30,62
"E54000055",2022-09-30,22,26,48
"E54000018",2022-09-01,123,95,218
"E54000018",2022-09-02,142,117,259
"E54000018",2022-09-03,112,69,181
"E54000018",2022-09-04,96,48,144
"E54000018",2022-09-05,53,55,108
"E54000018",2022-09-06,111,81,192
"E54000018",2022-09-07,150,81,231
"E54000018",2022-09-08,127,75,202
"E54000018",2022-09-09,127,118,245
"E54000018",2022-09-10,98,76,174
"E54000018",2022-09-11,57,50,107
"E54000018",2022-09-12,51,56,107
"E54000018",2022-09-13,100,103,203
"E54000018",2022-09-14,146,87,233
"E54000018",2022-09-15,133,84,217
"E54000018",2022-09-16,125,114,239
"E54000018",2022-09-17,128,93,221
"E54000018",2022-09-18,75,56,131
"E54000018",2022-09-19,62,43,105
"E54000018",2022-09-20,103,70,173
"E54000018",2022-09-21,121,90,211
"E54000018",2022-09-22,146,78,224
"E54000018",2022-09-23,130,106,236
"E54000018",2022-09-24,120,75,195
"E54000018",2022-09-25,79,58,137
"E54000018",2022-09-26,55,45,100
"E54000018",2022-09-27,108,90,198
"E54000018",2022-09-28,125,93,218
"E54000018",2022-09-29,135,82,217
"E54000018",2022-09-30,124,108,232
"E54000019",2022-09-01,34,29,63
"E54000019",2022-09-02,34,38,72
"E54000019",2022-09-03,34,11,45
"E54000019",2022-09-04,15,14,29
"E54000019",2022-09-05,16,16,32
"E54000019",2022-09-06,22,28,50
"E54000019",2022-09-07,35,23,58
"E54000019",2022-09-08,26,24,50
"E54000019",2022-09-09,16,23,39
"E54000019",2022-09-10,29,13,42
"E54000019",2022-09-11,17,14,31
"E54000019",2022-09-12,16,25,41
"E54000019",2022-09-13,29,20,49
"E54000019",2022-09-14,25,23,48
"E54000019",2022-09-15,24,23,47
"E54000019",2022-09-16,23,27,50
"E54000019",2022-09-17,25,14,39
"E54000019",2022-09-18,15,10,25
"E54000019",2022-09-19,21,4,25
"E54000019",2022-09-20,11,12,23
"E54000019",2022-09-21,30,14,44
"E54000019",2022-09-22,27,13,40
"E54000019",2022-09-23,21,30,51
"E54000019",2022-09-24,19,8,27
"E54000019",2022-09-25,20,5,25
"E54000019",2022-09-26,18,14,32
"E54000019",2022-09-27,26,21,47
"E54000019",2022-09-28,21,16,37
"E54000019",2022-09-29,20,23,43
"E54000019",2022-09-30,22,24,46
"E54000059",2022-09-01,75,79,154
"E54000059",2022-09-02,75,70,145
"E54000059",2022-09-03,72,73,145
"E54000059",2022-09-04,69,54,123
"E54000059",2022-09-05,33,22,55
"E54000059",2022-09-06,58,59,117
"E54000059",2022-09-07,78,67,145
"E54000059",2022-09-08,69,74,143
"E54000059",2022-09-09,72,43,115
"E54000059",2022-09-10,75,57,132
"E54000059",2022-09-11,65,38,103
"E54000059",2022-09-12,36,29,65
"E54000059",2022-09-13,41,47,88
"E54000059",2022-09-14,65,56,121
"E54000059",2022-09-15,83,65,148
"E54000059",2022-09-16,85,56,141
"E54000059",2022-09-17,73,68,141
"E54000059",2022-09-18,64,51,115
"E54000059",2022-09-19,61,52,113
"E54000059",2022-09-20,56,25,81
"E54000059",2022-09-21,48,51,99
"E54000059",2022-09-22,73,70,143
"E54000059",2022-09-23,80,47,127
"E54000059",2022-09-24,79,61,140
"E54000059",2022-09-25,71,35,106
"E54000059",2022-09-26,32,30,62
"E54000059",2022-09-27,54,64,118
"E54000059",2022-09-28,63,57,120
"E54000059",2022-09-29,57,65,122
"E54000059",2022-09-30,63,58,121
"E54000061",2022-09-01,185,146,331
"E54000061",2022-09-02,161,175,336
"E54000061",2022-09-03,136,136,272
"E54000061",2022-09-04,111,98,209
"E54000061",2022-09-05,114,109,223
"E54000061",2022-09-06,138,157,295
"E54000061",2022-09-07,158,159,317
"E54000061",2022-09-08,158,152,310
"E54000061",2022-09-09,174,172,346
"E54000061",2022-09-10,171,150,321
"E54000061",2022-09-11,131,90,221
"E54000061",2022-09-12,107,98,205
"E54000061",2022-09-13,139,158,297
"E54000061",2022-09-14,161,203,364
"E54000061",2022-09-15,180,152,332
"E54000061",2022-09-16,183,184,367
"E54000061",2022-09-17,130,181,311
"E54000061",2022-09-18,121,92,213
"E54000061",2022-09-19,108,63,171
"E54000061",2022-09-20,131,79,210
"E54000061",2022-09-21,163,142,305
"E54000061",2022-09-22,172,129,301
"E54000061",2022-09-23,200,184,384
"E54000061",2022-09-24,151,149,300
"E54000061",2022-09-25,141,117,258
"E54000061",2022-09-26,105,117,222
"E54000061",2022-09-27,131,132,263
"E54000061",2022-09-28,181,137,318
"E54000061",2022-09-29,160,175,335
"E54000061",2022-09-30,173,175,348
"E54000050",2022-09-01,408,332,740
"E54000050",2022-09-02,419,312,731
"E54000050",2022-09-03,330,294,624
"E54000050",2022-09-04,255,203,458
"E54000050",2022-09-05,259,245,504
"E54000050",2022-09-06,409,290,699
"E54000050",2022-09-07,402,370,772
"E54000050",2022-09-08,423,342,765
"E54000050",2022-09-09,422,339,761
"E54000050",2022-09-10,364,296,660
"E54000050",2022-09-11,308,258,566
"E54000050",2022-09-12,289,259,548
"E54000050",2022-09-13,363,310,673
"E54000050",2022-09-14,413,323,736
"E54000050",2022-09-15,382,341,723
"E54000050",2022-09-16,412,337,749
"E54000050",2022-09-17,351,312,663
"E54000050",2022-09-18,260,236,496
"E54000050",2022-09-19,273,208,481
"E54000050",2022-09-20,300,255,555
"E54000050",2022-09-21,405,350,755
"E54000050",2022-09-22,407,334,741
"E54000050",2022-09-23,387,343,730
"E54000050",2022-09-24,341,321,662
"E54000050",2022-09-25,292,213,505
"E54000050",2022-09-26,248,236,484
"E54000050",2022-09-27,374,334,708
"E54000050",2022-09-28,380,324,704
"E54000050",2022-09-29,397,286,683
"E54000050",2022-09-30,404,324,728
"E54000051",2022-09-01,193,133,326
"E54000051",2022-09-02,204,168,372
"E54000051",2022-09-03,120,70,190
"E54000051",2022-09-04,84,53,137
"E54000051",2022-09-05,153,131,284
"E54000051",2022-09-06,181,150,331
"E54000051",2022-09-07,167,118,285
"E54000051",2022-09-08,178,127,305
"E54000051",2022-09-09,196,168,364
"E54000051",2022-09-10,129,71,200
"E54000051",2022-09-11,97,56,153
"E54000051",2022-09-12,154,144,298
"E54000051",2022-09-13,204,116,320
"E54000051",2022-09-14,232,152,384
"E54000051",2022-09-15,183,120,303
"E54000051",2022-09-16,198,141,339
"E54000051",2022-09-17,117,95,212
"E54000051",2022-09-18,95,50,145
"E54000051",2022-09-19,96,57,153
"E54000051",2022-09-20,133,130,263
"E54000051",2022-09-21,207,131,338
"E54000051",2022-09-22,180,140,320
"E54000051",2022-09-23,222,132,354
"E54000051",2022-09-24,128,85,213
"E54000051",2022-09-25,84,45,129
"E54000051",2022-09-26,135,127,262
"E54000051",2022-09-27,180,149,329
"E54000051",2022-09-28,173,144,317
"E54000051",2022-09-29,198,146,344
"E54000051",2022-09-30,197,145,342
"E54000054",2022-09-01,325,210,535
"E54000054",2022-09-02,324,229,553
"E54000054",2022-09-03,308,172,480
"E54000054",2022-09-04,204,172,376
"E54000054",2022-09-05,230,183,413
"E54000054",2022-09-06,300,213,513
"E54000054",2022-09-07,337,210,547
"E54000054",2022-09-08,340,214,554
"E54000054",2022-09-09,351,196,547
"E54000054",2022-09-10,296,211,507
"E54000054",2022-09-11,198,129,327
"E54000054",2022-09-12,224,162,386
"E54000054",2022-09-13,297,195,492
"E54000054",2022-09-14,324,218,542
"E54000054",2022-09-15,357,233,590
"E54000054",2022-09-16,342,238,580
"E54000054",2022-09-17,282,245,527
"E54000054",2022-09-18,238,126,364
"E54000054",2022-09-19,299,124,423
"E54000054",2022-09-20,296,156,452
"E54000054",2022-09-21,329,181,510
"E54000054",2022-09-22,353,218,571
"E54000054",2022-09-23,343,226,569
"E54000054",2022-09-24,295,187,482
"E54000054",2022-09-25,236,110,346
"E54000054",2022-09-26,246,137,383
"E54000054",2022-09-27,309,221,530
"E54000054",2022-09-28,342,224,566
"E54000054",2022-09-29,353,228,581
"E54000054",2022-09-30,365,214,579
"E54000057",2022-09-01,296,134,430
"E54000057",2022-09-02,267,159,426
"E54000057",2022-09-03,197,78,275
"E54000057",2022-09-04,135,45,180
"E54000057",2022-09-05,252,124,376
"E54000057",2022-09-06,328,143,471
"E54000057",2022-09-07,303,108,411
"E54000057",2022-09-08,161,45,206
"E54000057",2022-09-09,273,145,418
"E54000057",2022-09-10,179,106,285
"E54000057",2022-09-11,130,54,184
"E54000057",2022-09-12,290,153,443
"E54000057",2022-09-13,342,173,515
"E54000057",2022-09-14,360,181,541
"E54000057",2022-09-15,377,207,584
"E54000057",2022-09-16,350,208,558
"E54000057",2022-09-17,171,107,278
"E54000057",2022-09-18,123,64,187
"E54000057",2022-09-19,181,97,278
"E54000057",2022-09-20,325,172,497
"E54000057",2022-09-21,365,205,570
"E54000057",2022-09-22,335,195,530
"E54000057",2022-09-23,403,197,600
"E54000057",2022-09-24,150,110,260
"E54000057",2022-09-25,104,54,158
"E54000057",2022-09-26,311,189,500
"E54000057",2022-09-27,419,226,645
"E54000057",2022-09-28,365,192,557
"E54000057",2022-09-29,418,187,605
"E54000057",2022-09-30,399,207,606
"E54000008",2022-09-01,272,142,414
"E54000008",2022-09-02,269,195,464
"E54000008",2022-09-03,197,75,272
"E54000008",2022-09-04,118,44,162
"E54000008",2022-09-05,163,149,312
"E54000008",2022-09-06,221,116,337
"E54000008",2022-09-07,203,135,338
"E54000008",2022-09-08,288,186,474
"E54000008",2022-09-09,272,175,447
"E54000008",2022-09-10,156,82,238
"E54000008",2022-09-11,117,62,179
"E54000008",2022-09-12,233,134,367
"E54000008",2022-09-13,296,180,476
"E54000008",2022-09-14,261,167,428
"E54000008",2022-09-15,277,160,437
"E54000008",2022-09-16,269,200,469
"E54000008",2022-09-17,180,100,280
"E54000008",2022-09-18,139,73,212
"E54000008",2022-09-19,113,74,187
"E54000008",2022-09-20,219,161,380
"E54000008",2022-09-21,272,191,463
"E54000008",2022-09-22,240,167,407
"E54000008",2022-09-23,273,189,462
"E54000008",2022-09-24,164,95,259
"E54000008",2022-09-25,129,54,183
"E54000008",2022-09-26,171,168,339
"E54000008",2022-09-27,241,164,405
"E54000008",2022-09-28,244,181,425
"E54000008",2022-09-29,269,172,441
"E54000008",2022-09-30,223,189,412
"E54000048",2022-09-01,180,121,301
"E54000048",2022-09-02,166,127,293
"E54000048",2022-09-03,115,95,210
"E54000048",2022-09-04,90,54,144
"E54000048",2022-09-05,101,106,207
"E54000048",2022-09-06,160,158,318
"E54000048",2022-09-07,171,124,295
"E54000048",2022-09-08,169,124,293
"E54000048",2022-09-09,168,174,342
"E54000048",2022-09-10,137,103,240
"E54000048",2022-09-11,96,76,172
"E54000048",2022-09-12,133,76,209
"E54000048",2022-09-13,156,92,248
"E54000048",2022-09-14,144,136,280
"E54000048",2022-09-15,170,121,291
"E54000048",2022-09-16,164,126,290
"E54000048",2022-09-17,139,131,270
"E54000048",2022-09-18,105,57,162
"E54000048",2022-09-19,92,80,172
"E54000048",2022-09-20,116,97,213
"E54000048",2022-09-21,134,120,254
"E54000048",2022-09-22,177,135,312
"E54000048",2022-09-23,156,122,278
"E54000048",2022-09-24,151,86,237
"E54000048",2022-09-25,85,63,148
"E54000048",2022-09-26,99,99,198
"E54000048",2022-09-27,149,103,252
"E54000048",2022-09-28,173,121,294
"E54000048",2022-09-29,171,102,273
"E54000048",2022-09-30,164,149,313
"E54000032",2022-09-01,175,141,316
"E54000032",2022-09-02,181,158,339
"E54000032",2022-09-03,147,72,219
"E54000032",2022-09-04,96,48,144
"E54000032",2022-09-05,142,104,246
"E54000032",2022-09-06,147,142,289
"E54000032",2022-09-07,188,133,321
"E54000032",2022-09-08,184,128,312
"E54000032",2022-09-09,235,155,390
"E54000032",2022-09-10,136,93,229
"E54000032",2022-09-11,105,46,151
"E54000032",2022-09-12,149,160,309
"E54000032",2022-09-13,202,131,333
"E54000032",2022-09-14,183,115,298
"E54000032",2022-09-15,175,117,292
"E54000032",2022-09-16,251,148,399
"E54000032",2022-09-17,152,81,233
"E54000032",2022-09-18,118,65,183
"E54000032",2022-09-19,107,59,166
"E54000032",2022-09-20,159,140,299
"E54000032",2022-09-21,192,146,338
"E54000032",2022-09-22,159,114,273
"E54000032",2022-09-23,200,156,356
"E54000032",2022-09-24,115,85,200
"E54000032",2022-09-25,89,52,141
"E54000032",2022-09-26,133,100,233
"E54000032",2022-09-27,173,149,322
"E54000032",2022-09-28,186,119,305
"E54000032",2022-09-29,161,124,285
"E54000032",2022-09-30,154,159,313
"E54000034",2022-09-01,0,0,0
"E54000034",2022-09-02,0,0,0
"E54000034",2022-09-03,0,0,0
"E54000034",2022-09-04,0,0,0
"E54000034",2022-09-05,0,0,0
"E54000034",2022-09-06,0,0,0
"E54000034",2022-09-07,0,0,0
"E54000034",2022-09-08,0,0,0
"E54000034",2022-09-09,0,0,0
"E54000034",2022-09-10,0,0,0
"E54000034",2022-09-11,0,0,0
"E54000034",2022-09-12,0,0,0
"E54000034",2022-09-13,0,0,0
"E54000034",2022-09-14,0,0,0
"E54000034",2022-09-15,0,0,0
"E54000034",2022-09-16,0,0,0
"E54000034",2022-09-17,0,0,0
"E54000034",2022-09-18,0,0,0
"E54000034",2022-09-19,0,0,0
"E54000034",2022-09-20,0,0,0
"E54000034",2022-09-21,0,0,0
"E54000034",2022-09-22,0,0,0
"E54000034",2022-09-23,0,0,0
"E54000034",2022-09-24,0,0,0
"E54000034",2022-09-25,0,0,0
"E54000034",2022-09-26,0,0,0
"E54000034",2022-09-27,0,0,0
"E54000034",2022-09-28,0,0,0
"E54000034",2022-09-29,0,0,0
"E54000034",2022-09-30,0,0,0
"E54000042",2022-09-01,174,144,318
"E54000042",2022-09-02,204,151,355
"E54000042",2022-09-03,138,83,221
"E54000042",2022-09-04,99,49,148
"E54000042",2022-09-05,175,118,293
"E54000042",2022-09-06,172,146,318
"E54000042",2022-09-07,186,136,322
"E54000042",2022-09-08,205,108,313
"E54000042",2022-09-09,197,148,345
"E54000042",2022-09-10,126,71,197
"E54000042",2022-09-11,90,44,134
"E54000042",2022-09-12,130,113,243
"E54000042",2022-09-13,189,130,319
"E54000042",2022-09-14,184,143,327
"E54000042",2022-09-15,207,137,344
"E54000042",2022-09-16,203,153,356
"E54000042",2022-09-17,148,78,226
"E54000042",2022-09-18,96,47,143
"E54000042",2022-09-19,127,69,196
"E54000042",2022-09-20,147,123,270
"E54000042",2022-09-21,190,107,297
"E54000042",2022-09-22,164,140,304
"E54000042",2022-09-23,199,170,369
"E54000042",2022-09-24,156,91,247
"E54000042",2022-09-25,92,35,127
"E54000042",2022-09-26,166,110,276
"E54000042",2022-09-27,196,114,310
"E54000042",2022-09-28,217,148,365
"E54000042",2022-09-29,188,124,312
"E54000042",2022-09-30,206,183,389
"E54000044",2022-09-01,171,122,293
"E54000044",2022-09-02,225,164,389
"E54000044",2022-09-03,136,95,231
"E54000044",2022-09-04,108,62,170
"E54000044",2022-09-05,137,112,249
"E54000044",2022-09-06,179,98,277
"E54000044",2022-09-07,209,126,335
"E54000044",2022-09-08,240,144,384
"E54000044",2022-09-09,223,160,383
"E54000044",2022-09-10,180,90,270
"E54000044",2022-09-11,121,82,203
"E54000044",2022-09-12,142,105,247
"E54000044",2022-09-13,179,111,290
"E54000044",2022-09-14,205,135,340
"E54000044",2022-09-15,212,112,324
"E54000044",2022-09-16,213,150,363
"E54000044",2022-09-17,155,99,254
"E54000044",2022-09-18,140,60,200
"E54000044",2022-09-19,111,55,166
"E54000044",2022-09-20,118,84,202
"E54000044",2022-09-21,153,101,254
"E54000044",2022-09-22,151,100,251
"E54000044",2022-09-23,149,84,233
"E54000044",2022-09-24,132,50,182
"E54000044",2022-09-25,70,37,107
"E54000044",2022-09-26,138,107,245
"E54000044",2022-09-27,205,144,349
"E54000044",2022-09-28,220,131,351
"E54000044",2022-09-29,207,145,352
"E54000044",2022-09-30,207,158,365
"E54000052",2022-09-01,107,77,184
"E54000052",2022-09-02,119,64,183
"E54000052",2022-09-03,123,56,179
"E54000052",2022-09-04,70,29,99
"E54000052",2022-09-05,69,48,117
"E54000052",2022-09-06,87,60,147
"E54000052",2022-09-07,114,64,178
"E54000052",2022-09-08,90,70,160
"E54000052",2022-09-09,100,64,164
"E54000052",2022-09-10,96,38,134
"E54000052",2022-09-11,91,26,117
"E54000052",2022-09-12,53,27,80
"E54000052",2022-09-13,49,25,74
"E54000052",2022-09-14,60,52,112
"E54000052",2022-09-15,62,41,103
"E54000052",2022-09-16,75,50,125
"E54000052",2022-09-17,78,49,127
"E54000052",2022-09-18,59,31,90
"E54000052",2022-09-19,74,40,114
"E54000052",2022-09-20,49,50,99
"E54000052",2022-09-21,86,69,155
"E54000052",2022-09-22,107,75,182
"E54000052",2022-09-23,95,72,167
"E54000052",2022-09-24,93,69,162
"E54000052",2022-09-25,67,32,99
"E54000052",2022-09-26,64,32,96
"E54000052",2022-09-27,111,53,164
"E54000052",2022-09-28,95,70,165
"E54000052",2022-09-29,105,75,180
"E54000052",2022-09-30,94,79,173
"E54000053",2022-09-01,205,118,323
"E54000053",2022-09-02,224,183,407
"E54000053",2022-09-03,144,57,201
"E54000053",2022-09-04,78,45,123
"E54000053",2022-09-05,101,66,167
"E54000053",2022-09-06,181,120,301
"E54000053",2022-09-07,201,150,351
"E54000053",2022-09-08,195,132,327
"E54000053",2022-09-09,213,116,329
"E54000053",2022-09-10,194,152,346
"E54000053",2022-09-11,135,55,190
"E54000053",2022-09-12,109,68,177
"E54000053",2022-09-13,142,140,282
"E54000053",2022-09-14,202,129,331
"E54000053",2022-09-15,191,131,322
"E54000053",2022-09-16,217,158,375
"E54000053",2022-09-17,153,103,256
"E54000053",2022-09-18,126,58,184
"E54000053",2022-09-19,139,69,208
"E54000053",2022-09-20,133,118,251
"E54000053",2022-09-21,196,128,324
"E54000053",2022-09-22,232,110,342
"E54000053",2022-09-23,172,144,316
"E54000053",2022-09-24,144,57,201
"E54000053",2022-09-25,86,31,117
"E54000053",2022-09-26,137,148,285
"E54000053",2022-09-27,190,144,334
"E54000053",2022-09-28,207,128,335
"E54000053",2022-09-29,188,142,330
"E54000053",2022-09-30,219,153,372
"E54000036",2022-09-01,51,28,79
"E54000036",2022-09-02,55,54,109
"E54000036",2022-09-03,55,23,78
"E54000036",2022-09-04,34,16,50
"E54000036",2022-09-05,45,31,76
"E54000036",2022-09-06,62,36,98
"E54000036",2022-09-07,37,42,79
"E54000036",2022-09-08,45,42,87
"E54000036",2022-09-09,60,47,107
"E54000036",2022-09-10,45,25,70
"E54000036",2022-09-11,23,14,37
"E54000036",2022-09-12,28,49,77
"E54000036",2022-09-13,49,55,104
"E54000036",2022-09-14,48,53,101
"E54000036",2022-09-15,46,44,90
"E54000036",2022-09-16,47,48,95
"E54000036",2022-09-17,35,22,57
"E54000036",2022-09-18,36,21,57
"E54000036",2022-09-19,30,23,53
"E54000036",2022-09-20,35,26,61
"E54000036",2022-09-21,28,41,69
"E54000036",2022-09-22,53,45,98
"E54000036",2022-09-23,53,38,91
"E54000036",2022-09-24,30,20,50
"E54000036",2022-09-25,15,11,26
"E54000036",2022-09-26,31,36,67
"E54000036",2022-09-27,42,43,85
"E54000036",2022-09-28,43,45,88
"E54000036",2022-09-29,50,29,79
"E54000036",2022-09-30,42,50,92
"E54000037",2022-09-01,169,117,286
"E54000037",2022-09-02,215,137,352
"E54000037",2022-09-03,159,87,246
"E54000037",2022-09-04,133,55,188
"E54000037",2022-09-05,150,78,228
"E54000037",2022-09-06,117,137,254
"E54000037",2022-09-07,162,130,292
"E54000037",2022-09-08,166,119,285
"E54000037",2022-09-09,169,136,305
"E54000037",2022-09-10,126,116,242
"E54000037",2022-09-11,83,52,135
"E54000037",2022-09-12,104,103,207
"E54000037",2022-09-13,170,131,301
"E54000037",2022-09-14,178,106,284
"E54000037",2022-09-15,152,131,283
"E54000037",2022-09-16,205,147,352
"E54000037",2022-09-17,151,97,248
"E54000037",2022-09-18,101,75,176
"E54000037",2022-09-19,115,55,170
"E54000037",2022-09-20,164,94,258
"E54000037",2022-09-21,144,113,257
"E54000037",2022-09-22,179,111,290
"E54000037",2022-09-23,188,140,328
"E54000037",2022-09-24,165,92,257
"E54000037",2022-09-25,98,63,161
"E54000037",2022-09-26,99,94,193
"E54000037",2022-09-27,148,113,261
"E54000037",2022-09-28,185,99,284
"E54000037",2022-09-29,149,133,282
"E54000037",2022-09-30,189,94,283
"E54000038",2022-09-01,54,26,80
"E54000038",2022-09-02,93,51,144
"E54000038",2022-09-03,69,40,109
"E54000038",2022-09-04,26,5,31
"E54000038",2022-09-05,47,37,84
"E54000038",2022-09-06,87,53,140
"E54000038",2022-09-07,89,34,123
"E54000038",2022-09-08,73,39,112
"E54000038",2022-09-09,66,41,107
"E54000038",2022-09-10,46,11,57
"E54000038",2022-09-11,31,3,34
"E54000038",2022-09-12,55,26,81
"E54000038",2022-09-13,62,22,84
"E54000038",2022-09-14,77,37,114
"E54000038",2022-09-15,79,33,112
"E54000038",2022-09-16,93,44,137
"E54000038",2022-09-17,80,18,98
"E54000038",2022-09-18,42,16,58
"E54000038",2022-09-19,50,14,64
"E54000038",2022-09-20,65,35,100
"E54000038",2022-09-21,83,39,122
"E54000038",2022-09-22,95,45,140
"E54000038",2022-09-23,86,31,117
"E54000038",2022-09-24,69,34,103
"E54000038",2022-09-25,51,7,58
"E54000038",2022-09-26,63,33,96
"E54000038",2022-09-27,95,52,147
"E54000038",2022-09-28,100,40,140
"E54000038",2022-09-29,87,43,130
"E54000038",2022-09-30,74,31,105
"E54000039",2022-09-01,99,128,227
"E54000039",2022-09-02,127,124,251
"E54000039",2022-09-03,92,60,152
"E54000039",2022-09-04,50,43,93
"E54000039",2022-09-05,85,104,189
"E54000039",2022-09-06,101,113,214
"E54000039",2022-09-07,116,112,228
"E54000039",2022-09-08,119,98,217
"E54000039",2022-09-09,102,124,226
"E54000039",2022-09-10,81,88,169
"E54000039",2022-09-11,39,39,78
"E54000039",2022-09-12,95,88,183
"E54000039",2022-09-13,119,100,219
"E54000039",2022-09-14,124,110,234
"E54000039",2022-09-15,128,107,235
"E54000039",2022-09-16,128,120,248
"E54000039",2022-09-17,77,62,139
"E54000039",2022-09-18,71,58,129
"E54000039",2022-09-19,66,75,141
"E54000039",2022-09-20,100,94,194
"E54000039",2022-09-21,95,110,205
"E54000039",2022-09-22,130,93,223
"E54000039",2022-09-23,134,101,235
"E54000039",2022-09-24,66,57,123
"E54000039",2022-09-25,55,47,102
"E54000039",2022-09-26,109,111,220
"E54000039",2022-09-27,134,124,258
"E54000039",2022-09-28,134,87,221
"E54000039",2022-09-29,118,115,233
"E54000039",2022-09-30,162,112,274
"E54000040",2022-09-01,162,101,263
"E54000040",2022-09-02,145,109,254
"E54000040",2022-09-03,148,97,245
"E54000040",2022-09-04,97,32,129
"E54000040",2022-09-05,95,54,149
"E54000040",2022-09-06,145,117,262
"E54000040",2022-09-07,184,98,282
"E54000040",2022-09-08,174,83,257
"E54000040",2022-09-09,156,123,279
"E54000040",2022-09-10,132,74,206
"E54000040",2022-09-11,91,44,135
"E54000040",2022-09-12,138,68,206
"E54000040",2022-09-13,140,123,263
"E54000040",2022-09-14,178,113,291
"E54000040",2022-09-15,182,106,288
"E54000040",2022-09-16,147,123,270
"E54000040",2022-09-17,148,90,238
"E54000040",2022-09-18,72,55,127
"E54000040",2022-09-19,99,52,151
"E54000040",2022-09-20,125,85,210
"E54000040",2022-09-21,147,96,243
"E54000040",2022-09-22,162,88,250
"E54000040",2022-09-23,137,123,260
"E54000040",2022-09-24,123,88,211
"E54000040",2022-09-25,79,46,125
"E54000040",2022-09-26,88,90,178
"E54000040",2022-09-27,144,98,242
"E54000040",2022-09-28,168,110,278
"E54000040",2022-09-29,142,104,246
"E54000040",2022-09-30,164,133,297
"E54000041",2022-09-01,104,48,152
"E54000041",2022-09-02,104,61,165
"E54000041",2022-09-03,59,26,85
"E54000041",2022-09-04,37,15,52
"E54000041",2022-09-05,73,60,133
"E54000041",2022-09-06,91,42,133
"E54000041",2022-09-07,91,49,140
"E54000041",2022-09-08,95,56,151
"E54000041",2022-09-09,117,66,183
"E54000041",2022-09-10,69,24,93
"E54000041",2022-09-11,49,16,65
"E54000041",2022-09-12,74,61,135
"E54000041",2022-09-13,88,59,147
"E54000041",2022-09-14,97,60,157
"E54000041",2022-09-15,92,54,146
"E54000041",2022-09-16,96,49,145
"E54000041",2022-09-17,61,27,88
"E54000041",2022-09-18,45,26,71
"E54000041",2022-09-19,43,21,64
"E54000041",2022-09-20,80,49,129
"E54000041",2022-09-21,105,39,144
"E54000041",2022-09-22,87,53,140
"E54000041",2022-09-23,90,64,154
"E54000041",2022-09-24,53,33,86
"E54000041",2022-09-25,43,21,64
"E54000041",2022-09-26,90,44,134
"E54000041",2022-09-27,96,53,149
"E54000041",2022-09-28,103,45,148
"E54000041",2022-09-29,91,50,141
"E54000041",2022-09-30,82,71,153
"E54000043",2022-09-01,43,38,81
"E54000043",2022-09-02,41,50,91
"E54000043",2022-09-03,43,29,72
"E54000043",2022-09-04,24,17,41
"E54000043",2022-09-05,39,31,70
"E54000043",2022-09-06,35,46,81
"E54000043",2022-09-07,46,27,73
"E54000043",2022-09-08,46,23,69
"E54000043",2022-09-09,72,40,112
"E54000043",2022-09-10,38,28,66
"E54000043",2022-09-11,30,20,50
"E54000043",2022-09-12,45,44,89
"E54000043",2022-09-13,30,31,61
"E54000043",2022-09-14,33,36,69
"E54000043",2022-09-15,68,27,95
"E54000043",2022-09-16,41,48,89
"E54000043",2022-09-17,47,19,66
"E54000043",2022-09-18,31,14,45
"E54000043",2022-09-19,41,23,64
"E54000043",2022-09-20,46,32,78
"E54000043",2022-09-21,36,34,70
"E54000043",2022-09-22,42,36,78
"E54000043",2022-09-23,45,37,82
"E54000043",2022-09-24,22,15,37
"E54000043",2022-09-25,33,10,43
"E54000043",2022-09-26,55,32,87
"E54000043",2022-09-27,43,35,78
"E54000043",2022-09-28,48,33,81
"E54000043",2022-09-29,56,37,93
"E54000043",2022-09-30,49,35,84
"E54000056",2022-10-01,102,79,181
"E54000056",2022-10-02,70,47,117
"E54000056",2022-10-03,68,62,130
"E54000056",2022-10-04,101,96,197
"E54000056",2022-10-05,114,71,185
"E54000056",2022-10-06,112,90,202
"E54000056",2022-10-07,119,82,201
"E54000056",2022-10-08,102,78,180
"E54000056",2022-10-09,67,33,100
"E54000056",2022-10-10,74,43,117
"E54000056",2022-10-11,117,92,209
"E54000056",2022-10-12,122,103,225
"E54000056",2022-10-13,116,80,196
"E54000056",2022-10-14,119,95,214
"E54000056",2022-10-15,89,75,164
"E54000056",2022-10-16,72,40,112
"E54000056",2022-10-17,72,69,141
"E54000056",2022-10-18,101,92,193
"E54000056",2022-10-19,126,85,211
"E54000056",2022-10-20,114,78,192
"E54000056",2022-10-21,120,98,218
"E54000056",2022-10-22,114,72,186
"E54000056",2022-10-23,68,44,112
"E54000056",2022-10-24,81,68,149
"E54000056",2022-10-25,112,89,201
"E54000056",2022-10-26,120,88,208
"E54000056",2022-10-27,125,96,221
"E54000056",2022-10-28,139,79,218
"E54000056",2022-10-29,95,84,179
"E54000056",2022-10-30,85,38,123
"E54000056",2022-10-31,79,56,135
"E54000022",2022-10-01,152,90,242
"E54000022",2022-10-02,84,65,149
"E54000022",2022-10-03,134,67,201
"E54000022",2022-10-04,169,96,265
"E54000022",2022-10-05,169,97,266
"E54000022",2022-10-06,173,84,257
"E54000022",2022-10-07,149,98,247
"E54000022",2022-10-08,137,87,224
"E54000022",2022-10-09,93,45,138
"E54000022",2022-10-10,119,61,180
"E54000022",2022-10-11,168,109,277
"E54000022",2022-10-12,147,91,238
"E54000022",2022-10-13,144,102,246
"E54000022",2022-10-14,182,94,276
"E54000022",2022-10-15,155,74,229
"E54000022",2022-10-16,127,52,179
"E54000022",2022-10-17,100,70,170
"E54000022",2022-10-18,160,107,267
"E54000022",2022-10-19,160,107,267
"E54000022",2022-10-20,169,85,254
"E54000022",2022-10-21,145,113,258
"E54000022",2022-10-22,134,87,221
"E54000022",2022-10-23,90,50,140
"E54000022",2022-10-24,100,37,137
"E54000022",2022-10-25,147,88,235
"E54000022",2022-10-26,152,89,241
"E54000022",2022-10-27,154,94,248
"E54000022",2022-10-28,147,84,231
"E54000022",2022-10-29,137,95,232
"E54000022",2022-10-30,103,54,157
"E54000022",2022-10-31,142,45,187
"E54000023",2022-10-01,91,69,160
"E54000023",2022-10-02,59,35,94
"E54000023",2022-10-03,94,85,179
"E54000023",2022-10-04,135,101,236
"E54000023",2022-10-05,127,97,224
"E54000023",2022-10-06,132,77,209
"E54000023",2022-10-07,145,88,233
"E54000023",2022-10-08,81,47,128
"E54000023",2022-10-09,59,38,97
"E54000023",2022-10-10,122,83,205
"E54000023",2022-10-11,113,83,196
"E54000023",2022-10-12,126,74,200
"E54000023",2022-10-13,131,88,219
"E54000023",2022-10-14,158,99,257
"E54000023",2022-10-15,119,44,163
"E54000023",2022-10-16,77,23,100
"E54000023",2022-10-17,93,85,178
"E54000023",2022-10-18,151,75,226
"E54000023",2022-10-19,139,85,224
"E54000023",2022-10-20,141,90,231
"E54000023",2022-10-21,142,98,240
"E54000023",2022-10-22,70,63,133
"E54000023",2022-10-23,56,39,95
"E54000023",2022-10-24,89,77,166
"E54000023",2022-10-25,129,76,205
"E54000023",2022-10-26,156,93,249
"E54000023",2022-10-27,127,74,201
"E54000023",2022-10-28,142,113,255
"E54000023",2022-10-29,88,48,136
"E54000023",2022-10-30,63,25,88
"E54000023",2022-10-31,100,84,184
"E54000024",2022-10-01,77,33,110
"E54000024",2022-10-02,66,33,99
"E54000024",2022-10-03,98,47,145
"E54000024",2022-10-04,136,44,180
"E54000024",2022-10-05,110,63,173
"E54000024",2022-10-06,121,74,195
"E54000024",2022-10-07,143,68,211
"E54000024",2022-10-08,60,47,107
"E54000024",2022-10-09,60,19,79
"E54000024",2022-10-10,35,19,54
"E54000024",2022-10-11,43,20,63
"E54000024",2022-10-12,35,26,61
"E54000024",2022-10-13,35,22,57
"E54000024",2022-10-14,59,17,76
"E54000024",2022-10-15,23,9,32
"E54000024",2022-10-16,12,7,19
"E54000024",2022-10-17,100,60,160
"E54000024",2022-10-18,122,66,188
"E54000024",2022-10-19,114,55,169
"E54000024",2022-10-20,128,55,183
"E54000024",2022-10-21,118,53,171
"E54000024",2022-10-22,72,41,113
"E54000024",2022-10-23,47,31,78
"E54000024",2022-10-24,97,40,137
"E54000024",2022-10-25,126,64,190
"E54000024",2022-10-26,117,37,154
"E54000024",2022-10-27,114,41,155
"E54000024",2022-10-28,120,42,162
"E54000024",2022-10-29,57,29,86
"E54000024",2022-10-30,37,27,64
"E54000024",2022-10-31,103,62,165
"E54000025",2022-10-01,82,61,143
"E54000025",2022-10-02,74,41,115
"E54000025",2022-10-03,105,75,180
"E54000025",2022-10-04,117,84,201
"E54000025",2022-10-05,113,96,209
"E54000025",2022-10-06,124,87,211
"E54000025",2022-10-07,129,110,239
"E54000025",2022-10-08,111,79,190
"E54000025",2022-10-09,73,39,112
"E54000025",2022-10-10,94,90,184
"E54000025",2022-10-11,105,72,177
"E54000025",2022-10-12,137,87,224
"E54000025",2022-10-13,115,103,218
"E54000025",2022-10-14,126,118,244
"E54000025",2022-10-15,103,68,171
"E54000025",2022-10-16,83,48,131
"E54000025",2022-10-17,114,83,197
"E54000025",2022-10-18,150,74,224
"E54000025",2022-10-19,131,72,203
"E54000025",2022-10-20,120,105,225
"E54000025",2022-10-21,151,99,250
"E54000025",2022-10-22,117,60,177
"E54000025",2022-10-23,80,34,114
"E54000025",2022-10-24,96,77,173
"E54000025",2022-10-25,135,67,202
"E54000025",2022-10-26,120,113,233
"E54000025",2022-10-27,127,108,235
"E54000025",2022-10-28,130,90,220
"E54000025",2022-10-29,95,52,147
"E54000025",2022-10-30,69,35,104
"E54000025",2022-10-31,103,67,170
"E54000026",2022-10-01,44,17,61
"E54000026",2022-10-02,0,0,0
"E54000026",2022-10-03,0,0,0
"E54000026",2022-10-04,32,12,44
"E54000026",2022-10-05,50,18,68
"E54000026",2022-10-06,45,16,61
"E54000026",2022-10-07,35,11,46
"E54000026",2022-10-08,30,11,41
"E54000026",2022-10-09,0,0,0
"E54000026",2022-10-10,0,0,0
"E54000026",2022-10-11,7,2,9
"E54000026",2022-10-12,3,0,3
"E54000026",2022-10-13,43,13,56
"E54000026",2022-10-14,54,15,69
"E54000026",2022-10-15,43,13,56
"E54000026",2022-10-16,9,1,10
"E54000026",2022-10-17,7,2,9
"E54000026",2022-10-18,36,14,50
"E54000026",2022-10-19,60,20,80
"E54000026",2022-10-20,55,18,73
"E54000026",2022-10-21,48,15,63
"E54000026",2022-10-22,0,0,0
"E54000026",2022-10-23,0,0,0
"E54000026",2022-10-24,13,0,13
"E54000026",2022-10-25,33,3,36
"E54000026",2022-10-26,54,11,65
"E54000026",2022-10-27,48,20,68
"E54000026",2022-10-28,44,17,61
"E54000026",2022-10-29,0,17,17
"E54000026",2022-10-30,0,0,0
"E54000026",2022-10-31,0,0,0
"E54000027",2022-10-01,157,61,218
"E54000027",2022-10-02,112,37,149
"E54000027",2022-10-03,131,66,197
"E54000027",2022-10-04,190,86,276
"E54000027",2022-10-05,198,101,299
"E54000027",2022-10-06,192,144,336
"E54000027",2022-10-07,228,113,341
"E54000027",2022-10-08,201,82,283
"E54000027",2022-10-09,116,66,182
"E54000027",2022-10-10,141,74,215
"E54000027",2022-10-11,148,126,274
"E54000027",2022-10-12,272,120,392
"E54000027",2022-10-13,230,109,339
"E54000027",2022-10-14,215,133,348
"E54000027",2022-10-15,230,112,342
"E54000027",2022-10-16,170,47,217
"E54000027",2022-10-17,173,92,265
"E54000027",2022-10-18,197,94,291
"E54000027",2022-10-19,217,112,329
"E54000027",2022-10-20,206,130,336
"E54000027",2022-10-21,256,134,390
"E54000027",2022-10-22,184,107,291
"E54000027",2022-10-23,156,53,209
"E54000027",2022-10-24,137,72,209
"E54000027",2022-10-25,184,100,284
"E54000027",2022-10-26,237,115,352
"E54000027",2022-10-27,234,111,345
"E54000027",2022-10-28,265,145,410
"E54000027",2022-10-29,203,102,305
"E54000027",2022-10-30,166,53,219
"E54000027",2022-10-31,166,78,244
"E54000028",2022-10-01,128,141,269
"E54000028",2022-10-02,135,64,199
"E54000028",2022-10-03,123,102,225
"E54000028",2022-10-04,100,128,228
"E54000028",2022-10-05,184,150,334
"E54000028",2022-10-06,150,128,278
"E54000028",2022-10-07,134,162,296
"E54000028",2022-10-08,166,135,301
"E54000028",2022-10-09,104,88,192
"E54000028",2022-10-10,105,89,194
"E54000028",2022-10-11,108,137,245
"E54000028",2022-10-12,149,124,273
"E54000028",2022-10-13,158,155,313
"E54000028",2022-10-14,157,153,310
"E54000028",2022-10-15,155,115,270
"E54000028",2022-10-16,91,100,191
"E54000028",2022-10-17,79,105,184
"E54000028",2022-10-18,119,146,265
"E54000028",2022-10-19,179,157,336
"E54000028",2022-10-20,152,146,298
"E54000028",2022-10-21,194,129,323
"E54000028",2022-10-22,163,146,309
"E54000028",2022-10-23,97,89,186
"E54000028",2022-10-24,50,83,133
"E54000028",2022-10-25,70,91,161
"E54000028",2022-10-26,85,96,181
"E54000028",2022-10-27,88,82,170
"E54000028",2022-10-28,105,107,212
"E54000028",2022-10-29,80,98,178
"E54000028",2022-10-30,50,73,123
"E54000028",2022-10-31,74,105,179
"E54000029",2022-10-01,146,147,293
"E54000029",2022-10-02,116,82,198
"E54000029",2022-10-03,110,132,242
"E54000029",2022-10-04,158,164,322
"E54000029",2022-10-05,185,132,317
"E54000029",2022-10-06,188,152,340
"E54000029",2022-10-07,162,177,339
"E54000029",2022-10-08,167,138,305
"E54000029",2022-10-09,104,75,179
"E54000029",2022-10-10,107,108,215
"E54000029",2022-10-11,104,167,271
"E54000029",2022-10-12,189,162,351
"E54000029",2022-10-13,192,145,337
"E54000029",2022-10-14,211,175,386
"E54000029",2022-10-15,162,127,289
"E54000029",2022-10-16,128,63,191
"E54000029",2022-10-17,134,108,242
"E54000029",2022-10-18,175,146,321
"E54000029",2022-10-19,179,151,330
"E54000029",2022-10-20,179,143,322
"E54000029",2022-10-21,191,177,368
"E54000029",2022-10-22,177,122,299
"E54000029",2022-10-23,109,83,192
"E54000029",2022-10-24,121,114,235
"E54000029",2022-10-25,137,170,307
"E54000029",2022-10-26,164,172,336
"E54000029",2022-10-27,182,153,335
"E54000029",2022-10-28,200,196,396
"E54000029",2022-10-29,149,113,262
"E54000029",2022-10-30,115,82,197
"E54000029",2022-10-31,125,97,222
"E54000030",2022-10-01,116,63,179
"E54000030",2022-10-02,100,56,156
"E54000030",2022-10-03,170,118,288
"E54000030",2022-10-04,236,161,397
"E54000030",2022-10-05,207,160,367
"E54000030",2022-10-06,222,165,387
"E54000030",2022-10-07,123,189,312
"E54000030",2022-10-08,101,44,145
"E54000030",2022-10-09,82,49,131
"E54000030",2022-10-10,164,103,267
"E54000030",2022-10-11,181,133,314
"E54000030",2022-10-12,200,109,309
"E54000030",2022-10-13,200,137,337
"E54000030",2022-10-14,132,223,355
"E54000030",2022-10-15,110,87,197
"E54000030",2022-10-16,91,39,130
"E54000030",2022-10-17,174,114,288
"E54000030",2022-10-18,203,135,338
"E54000030",2022-10-19,204,133,337
"E54000030",2022-10-20,206,122,328
"E54000030",2022-10-21,147,197,344
"E54000030",2022-10-22,100,54,154
"E54000030",2022-10-23,86,39,125
"E54000030",2022-10-24,161,131,292
"E54000030",2022-10-25,224,170,394
"E54000030",2022-10-26,194,151,345
"E54000030",2022-10-27,221,128,349
"E54000030",2022-10-28,133,153,286
"E54000030",2022-10-29,104,58,162
"E54000030",2022-10-30,117,41,158
"E54000030",2022-10-31,160,133,293
"E54000031",2022-10-01,116,53,169
"E54000031",2022-10-02,52,60,112
"E54000031",2022-10-03,101,96,197
"E54000031",2022-10-04,137,130,267
"E54000031",2022-10-05,142,110,252
"E54000031",2022-10-06,154,131,285
"E54000031",2022-10-07,177,110,287
"E54000031",2022-10-08,125,90,215
"E54000031",2022-10-09,109,70,179
"E54000031",2022-10-10,107,88,195
"E54000031",2022-10-11,158,91,249
"E54000031",2022-10-12,158,116,274
"E54000031",2022-10-13,171,119,290
"E54000031",2022-10-14,170,133,303
"E54000031",2022-10-15,91,54,145
"E54000031",2022-10-16,80,51,131
"E54000031",2022-10-17,71,102,173
"E54000031",2022-10-18,142,128,270
"E54000031",2022-10-19,163,112,275
"E54000031",2022-10-20,169,130,299
"E54000031",2022-10-21,162,121,283
"E54000031",2022-10-22,138,85,223
"E54000031",2022-10-23,68,46,114
"E54000031",2022-10-24,98,89,187
"E54000031",2022-10-25,135,105,240
"E54000031",2022-10-26,150,122,272
"E54000031",2022-10-27,173,115,288
"E54000031",2022-10-28,150,104,254
"E54000031",2022-10-29,110,67,177
"E54000031",2022-10-30,63,41,104
"E54000031",2022-10-31,100,89,189
"E54000010",2022-10-01,45,28,73
"E54000010",2022-10-02,56,26,82
"E54000010",2022-10-03,68,56,124
"E54000010",2022-10-04,68,58,126
"E54000010",2022-10-05,94,35,129
"E54000010",2022-10-06,97,49,146
"E54000010",2022-10-07,112,65,177
"E54000010",2022-10-08,77,17,94
"E54000010",2022-10-09,64,37,101
"E54000010",2022-10-10,68,56,124
"E54000010",2022-10-11,106,65,171
"E54000010",2022-10-12,89,53,142
"E54000010",2022-10-13,85,66,151
"E54000010",2022-10-14,101,45,146
"E54000010",2022-10-15,83,21,104
"E54000010",2022-10-16,73,33,106
"E54000010",2022-10-17,65,46,111
"E54000010",2022-10-18,122,51,173
"E54000010",2022-10-19,110,59,169
"E54000010",2022-10-20,119,36,155
"E54000010",2022-10-21,100,48,148
"E54000010",2022-10-22,71,30,101
"E54000010",2022-10-23,55,20,75
"E54000010",2022-10-24,84,50,134
"E54000010",2022-10-25,98,38,136
"E54000010",2022-10-26,108,52,160
"E54000010",2022-10-27,119,63,182
"E54000010",2022-10-28,89,36,125
"E54000010",2022-10-29,78,36,114
"E54000010",2022-10-30,56,13,69
"E54000010",2022-10-31,87,46,133
"E54000011",2022-10-01,60,55,115
"E54000011",2022-10-02,33,26,59
"E54000011",2022-10-03,27,15,42
"E54000011",2022-10-04,50,54,104
"E54000011",2022-10-05,43,62,105
"E54000011",2022-10-06,55,37,92
"E54000011",2022-10-07,55,53,108
"E54000011",2022-10-08,61,66,127
"E54000011",2022-10-09,60,19,79
"E54000011",2022-10-10,23,19,42
"E54000011",2022-10-11,47,49,96
"E54000011",2022-10-12,53,53,106
"E54000011",2022-10-13,56,46,102
"E54000011",2022-10-14,59,53,112
"E54000011",2022-10-15,47,54,101
"E54000011",2022-10-16,41,28,69
"E54000011",2022-10-17,32,19,51
"E54000011",2022-10-18,45,53,98
"E54000011",2022-10-19,63,59,122
"E54000011",2022-10-20,65,30,95
"E54000011",2022-10-21,66,51,117
"E54000011",2022-10-22,56,52,108
"E54000011",2022-10-23,30,21,51
"E54000011",2022-10-24,17,18,35
"E54000011",2022-10-25,37,43,80
"E54000011",2022-10-26,67,48,115
"E54000011",2022-10-27,54,33,87
"E54000011",2022-10-28,43,49,92
"E54000011",2022-10-29,54,51,105
"E54000011",2022-10-30,34,27,61
"E54000011",2022-10-31,17,21,38
"E54000058",2022-10-01,119,46,165
"E54000058",2022-10-02,104,40,144
"E54000058",2022-10-03,127,100,227
"E54000058",2022-10-04,167,107,274
"E54000058",2022-10-05,162,105,267
"E54000058",2022-10-06,169,93,262
"E54000058",2022-10-07,166,143,309
"E54000058",2022-10-08,115,75,190
"E54000058",2022-10-09,92,60,152
"E54000058",2022-10-10,127,94,221
"E54000058",2022-10-11,158,97,255
"E54000058",2022-10-12,156,109,265
"E54000058",2022-10-13,162,99,261
"E54000058",2022-10-14,175,135,310
"E54000058",2022-10-15,111,54,165
"E54000058",2022-10-16,83,42,125
"E54000058",2022-10-17,118,113,231
"E54000058",2022-10-18,157,104,261
"E54000058",2022-10-19,148,99,247
"E54000058",2022-10-20,150,104,254
"E54000058",2022-10-21,202,131,333
"E54000058",2022-10-22,128,47,175
"E54000058",2022-10-23,95,50,145
"E54000058",2022-10-24,137,98,235
"E54000058",2022-10-25,164,89,253
"E54000058",2022-10-26,171,112,283
"E54000058",2022-10-27,167,123,290
"E54000058",2022-10-28,156,127,283
"E54000058",2022-10-29,140,46,186
"E54000058",2022-10-30,84,38,122
"E54000058",2022-10-31,137,106,243
"E54000013",2022-10-01,0,0,0
"E54000013",2022-10-02,0,0,0
"E54000013",2022-10-03,0,0,0
"E54000013",2022-10-04,0,0,0
"E54000013",2022-10-05,0,0,0
"E54000013",2022-10-06,0,0,0
"E54000013",2022-10-07,0,0,0
"E54000013",2022-10-08,0,0,0
"E54000013",2022-10-09,0,0,0
"E54000013",2022-10-10,0,0,0
"E54000013",2022-10-11,0,0,0
"E54000013",2022-10-12,0,0,0
"E54000013",2022-10-13,0,0,0
"E54000013",2022-10-14,0,0,0
"E54000013",2022-10-15,0,0,0
"E54000013",2022-10-16,0,0,0
"E54000013",2022-10-17,0,0,0
"E54000013",2022-10-18,0,0,0
"E54000013",2022-10-19,0,0,0
"E54000013",2022-10-20,0,0,0
"E54000013",2022-10-21,0,0,0
"E54000013",2022-10-22,0,0,0
"E54000013",2022-10-23,0,0,0
"E54000013",2022-10-24,0,0,0
"E54000013",2022-10-25,0,0,0
"E54000013",2022-10-26,0,0,0
"E54000013",2022-10-27,0,0,0
"E54000013",2022-10-28,0,0,0
"E54000013",2022-10-29,0,0,0
"E54000013",2022-10-30,0,0,0
"E54000013",2022-10-31,0,0,0
"E54000060",2022-10-01,199,132,331
"E54000060",2022-10-02,135,80,215
"E54000060",2022-10-03,97,59,156
"E54000060",2022-10-04,157,111,268
"E54000060",2022-10-05,202,108,310
"E54000060",2022-10-06,198,147,345
"E54000060",2022-10-07,206,133,339
"E54000060",2022-10-08,208,137,345
"E54000060",2022-10-09,115,84,199
"E54000060",2022-10-10,120,48,168
"E54000060",2022-10-11,150,130,280
"E54000060",2022-10-12,162,127,289
"E54000060",2022-10-13,206,154,360
"E54000060",2022-10-14,222,141,363
"E54000060",2022-10-15,202,143,345
"E54000060",2022-10-16,115,77,192
"E54000060",2022-10-17,92,47,139
"E54000060",2022-10-18,129,112,241
"E54000060",2022-10-19,166,116,282
"E54000060",2022-10-20,178,131,309
"E54000060",2022-10-21,225,126,351
"E54000060",2022-10-22,213,135,348
"E54000060",2022-10-23,117,59,176
"E54000060",2022-10-24,84,59,143
"E54000060",2022-10-25,167,100,267
"E54000060",2022-10-26,180,101,281
"E54000060",2022-10-27,193,126,319
"E54000060",2022-10-28,226,105,331
"E54000060",2022-10-29,188,129,317
"E54000060",2022-10-30,108,55,163
"E54000060",2022-10-31,94,43,137
"E54000015",2022-10-01,112,86,198
"E54000015",2022-10-02,75,41,116
"E54000015",2022-10-03,107,140,247
"E54000015",2022-10-04,131,159,290
"E54000015",2022-10-05,137,128,265
"E54000015",2022-10-06,159,143,302
"E54000015",2022-10-07,134,164,298
"E54000015",2022-10-08,113,80,193
"E54000015",2022-10-09,97,52,149
"E54000015",2022-10-10,112,111,223
"E54000015",2022-10-11,163,112,275
"E54000015",2022-10-12,139,129,268
"E54000015",2022-10-13,128,131,259
"E54000015",2022-10-14,139,124,263
"E54000015",2022-10-15,125,84,209
"E54000015",2022-10-16,96,50,146
"E54000015",2022-10-17,100,123,223
"E54000015",2022-10-18,119,135,254
"E54000015",2022-10-19,134,158,292
"E54000015",2022-10-20,144,124,268
"E54000015",2022-10-21,144,128,272
"E54000015",2022-10-22,121,95,216
"E54000015",2022-10-23,96,40,136
"E54000015",2022-10-24,103,126,229
"E54000015",2022-10-25,153,128,281
"E54000015",2022-10-26,172,118,290
"E54000015",2022-10-27,147,142,289
"E54000015",2022-10-28,124,141,265
"E54000015",2022-10-29,94,98,192
"E54000015",2022-10-30,95,44,139
"E54000015",2022-10-31,92,147,239
"E54000062",2022-10-01,249,141,390
"E54000062",2022-10-02,164,88,252
"E54000062",2022-10-03,172,91,263
"E54000062",2022-10-04,170,123,293
"E54000062",2022-10-05,234,138,372
"E54000062",2022-10-06,231,136,367
"E54000062",2022-10-07,199,123,322
"E54000062",2022-10-08,162,117,279
"E54000062",2022-10-09,151,76,227
"E54000062",2022-10-10,164,82,246
"E54000062",2022-10-11,197,125,322
"E54000062",2022-10-12,237,153,390
"E54000062",2022-10-13,166,114,280
"E54000062",2022-10-14,164,127,291
"E54000062",2022-10-15,205,104,309
"E54000062",2022-10-16,168,68,236
"E54000062",2022-10-17,137,56,193
"E54000062",2022-10-18,192,100,292
"E54000062",2022-10-19,192,152,344
"E54000062",2022-10-20,225,127,352
"E54000062",2022-10-21,193,108,301
"E54000062",2022-10-22,169,98,267
"E54000062",2022-10-23,162,58,220
"E54000062",2022-10-24,157,77,234
"E54000062",2022-10-25,182,107,289
"E54000062",2022-10-26,195,111,306
"E54000062",2022-10-27,187,120,307
"E54000062",2022-10-28,195,107,302
"E54000062",2022-10-29,177,106,283
"E54000062",2022-10-30,117,79,196
"E54000062",2022-10-31,133,69,202
"E54000055",2022-10-01,24,16,40
"E54000055",2022-10-02,23,21,44
"E54000055",2022-10-03,22,28,50
"E54000055",2022-10-04,30,30,60
"E54000055",2022-10-05,24,21,45
"E54000055",2022-10-06,35,18,53
"E54000055",2022-10-07,35,22,57
"E54000055",2022-10-08,19,23,42
"E54000055",2022-10-09,19,23,42
"E54000055",2022-10-10,19,14,33
"E54000055",2022-10-11,38,28,66
"E54000055",2022-10-12,30,28,58
"E54000055",2022-10-13,32,19,51
"E54000055",2022-10-14,13,25,38
"E54000055",2022-10-15,18,14,32
"E54000055",2022-10-16,17,8,25
"E54000055",2022-10-17,26,20,46
"E54000055",2022-10-18,30,26,56
"E54000055",2022-10-19,26,30,56
"E54000055",2022-10-20,29,28,57
"E54000055",2022-10-21,29,28,57
"E54000055",2022-10-22,16,15,31
"E54000055",2022-10-23,13,14,27
"E54000055",2022-10-24,19,15,34
"E54000055",2022-10-25,27,24,51
"E54000055",2022-10-26,30,18,48
"E54000055",2022-10-27,30,25,55
"E54000055",2022-10-28,28,14,42
"E54000055",2022-10-29,17,11,28
"E54000055",2022-10-30,24,18,42
"E54000055",2022-10-31,26,23,49
"E54000018",2022-10-01,105,78,183
"E54000018",2022-10-02,78,58,136
"E54000018",2022-10-03,73,48,121
"E54000018",2022-10-04,124,84,208
"E54000018",2022-10-05,133,92,225
"E54000018",2022-10-06,132,65,197
"E54000018",2022-10-07,118,104,222
"E54000018",2022-10-08,87,75,162
"E54000018",2022-10-09,70,58,128
"E54000018",2022-10-10,57,50,107
"E54000018",2022-10-11,79,104,183
"E54000018",2022-10-12,121,100,221
"E54000018",2022-10-13,146,83,229
"E54000018",2022-10-14,135,111,246
"E54000018",2022-10-15,120,75,195
"E54000018",2022-10-16,59,56,115
"E54000018",2022-10-17,69,53,122
"E54000018",2022-10-18,100,105,205
"E54000018",2022-10-19,116,87,203
"E54000018",2022-10-20,127,92,219
"E54000018",2022-10-21,123,100,223
"E54000018",2022-10-22,92,63,155
"E54000018",2022-10-23,77,35,112
"E54000018",2022-10-24,66,63,129
"E54000018",2022-10-25,77,87,164
"E54000018",2022-10-26,116,90,206
"E54000018",2022-10-27,134,78,212
"E54000018",2022-10-28,143,103,246
"E54000018",2022-10-29,83,88,171
"E54000018",2022-10-30,75,68,143
"E54000018",2022-10-31,60,51,111
"E54000019",2022-10-01,28,8,36
"E54000019",2022-10-02,4,0,4
"E54000019",2022-10-03,24,20,44
"E54000019",2022-10-04,41,31,72
"E54000019",2022-10-05,30,33,63
"E54000019",2022-10-06,28,38,66
"E54000019",2022-10-07,30,32,62
"E54000019",2022-10-08,22,17,39
"E54000019",2022-10-09,20,10,30
"E54000019",2022-10-10,25,24,49
"E54000019",2022-10-11,31,27,58
"E54000019",2022-10-12,25,25,50
"E54000019",2022-10-13,40,25,65
"E54000019",2022-10-14,20,41,61
"E54000019",2022-10-15,25,16,41
"E54000019",2022-10-16,9,5,14
"E54000019",2022-10-17,11,28,39
"E54000019",2022-10-18,37,18,55
"E54000019",2022-10-19,28,22,50
"E54000019",2022-10-20,42,31,73
"E54000019",2022-10-21,30,24,54
"E54000019",2022-10-22,25,17,42
"E54000019",2022-10-23,20,9,29
"E54000019",2022-10-24,25,22,47
"E54000019",2022-10-25,32,23,55
"E54000019",2022-10-26,27,32,59
"E54000019",2022-10-27,31,25,56
"E54000019",2022-10-28,28,30,58
"E54000019",2022-10-29,29,15,44
"E54000019",2022-10-30,13,5,18
"E54000019",2022-10-31,13,30,43
"E54000059",2022-10-01,60,74,134
"E54000059",2022-10-02,45,48,93
"E54000059",2022-10-03,39,27,66
"E54000059",2022-10-04,36,60,96
"E54000059",2022-10-05,72,53,125
"E54000059",2022-10-06,70,63,133
"E54000059",2022-10-07,46,27,73
"E54000059",2022-10-08,69,68,137
"E54000059",2022-10-09,62,48,110
"E54000059",2022-10-10,39,23,62
"E54000059",2022-10-11,57,44,101
"E54000059",2022-10-12,84,51,135
"E54000059",2022-10-13,100,57,157
"E54000059",2022-10-14,91,80,171
"E54000059",2022-10-15,91,71,162
"E54000059",2022-10-16,83,44,127
"E54000059",2022-10-17,38,28,66
"E54000059",2022-10-18,55,49,104
"E54000059",2022-10-19,76,74,150
"E54000059",2022-10-20,67,48,115
"E54000059",2022-10-21,72,58,130
"E54000059",2022-10-22,83,61,144
"E54000059",2022-10-23,76,52,128
"E54000059",2022-10-24,49,19,68
"E54000059",2022-10-25,58,51,109
"E54000059",2022-10-26,75,48,123
"E54000059",2022-10-27,72,39,111
"E54000059",2022-10-28,83,62,145
"E54000059",2022-10-29,87,60,147
"E54000059",2022-10-30,73,45,118
"E54000059",2022-10-31,52,21,73
"E54000061",2022-10-01,177,126,303
"E54000061",2022-10-02,135,98,233
"E54000061",2022-10-03,115,96,211
"E54000061",2022-10-04,160,155,315
"E54000061",2022-10-05,179,160,339
"E54000061",2022-10-06,172,163,335
"E54000061",2022-10-07,171,154,325
"E54000061",2022-10-08,166,153,319
"E54000061",2022-10-09,128,96,224
"E54000061",2022-10-10,109,96,205
"E54000061",2022-10-11,156,145,301
"E54000061",2022-10-12,204,145,349
"E54000061",2022-10-13,213,177,390
"E54000061",2022-10-14,171,169,340
"E54000061",2022-10-15,162,160,322
"E54000061",2022-10-16,133,101,234
"E54000061",2022-10-17,115,143,258
"E54000061",2022-10-18,132,144,276
"E54000061",2022-10-19,180,151,331
"E54000061",2022-10-20,209,188,397
"E54000061",2022-10-21,162,199,361
"E54000061",2022-10-22,174,168,342
"E54000061",2022-10-23,130,105,235
"E54000061",2022-10-24,106,107,213
"E54000061",2022-10-25,175,150,325
"E54000061",2022-10-26,157,148,305
"E54000061",2022-10-27,212,140,352
"E54000061",2022-10-28,163,193,356
"E54000061",2022-10-29,160,135,295
"E54000061",2022-10-30,72,27,99
"E54000061",2022-10-31,74,59,133
"E54000050",2022-10-01,315,304,619
"E54000050",2022-10-02,279,221,500
"E54000050",2022-10-03,277,206,483
"E54000050",2022-10-04,334,309,643
"E54000050",2022-10-05,390,330,720
"E54000050",2022-10-06,395,317,712
"E54000050",2022-10-07,333,290,623
"E54000050",2022-10-08,282,244,526
"E54000050",2022-10-09,285,233,518
"E54000050",2022-10-10,245,228,473
"E54000050",2022-10-11,408,313,721
"E54000050",2022-10-12,387,344,731
"E54000050",2022-10-13,370,292,662
"E54000050",2022-10-14,383,291,674
"E54000050",2022-10-15,315,270,585
"E54000050",2022-10-16,300,247,547
"E54000050",2022-10-17,296,241,537
"E54000050",2022-10-18,373,314,687
"E54000050",2022-10-19,392,317,709
"E54000050",2022-10-20,395,318,713
"E54000050",2022-10-21,407,314,721
"E54000050",2022-10-22,297,261,558
"E54000050",2022-10-23,244,208,452
"E54000050",2022-10-24,268,206,474
"E54000050",2022-10-25,306,293,599
"E54000050",2022-10-26,335,261,596
"E54000050",2022-10-27,316,311,627
"E54000050",2022-10-28,396,309,705
"E54000050",2022-10-29,331,275,606
"E54000050",2022-10-30,274,207,481
"E54000050",2022-10-31,248,223,471
"E54000051",2022-10-01,120,53,173
"E54000051",2022-10-02,98,62,160
"E54000051",2022-10-03,148,132,280
"E54000051",2022-10-04,207,135,342
"E54000051",2022-10-05,178,154,332
"E54000051",2022-10-06,196,139,335
"E54000051",2022-10-07,212,166,378
"E54000051",2022-10-08,107,86,193
"E54000051",2022-10-09,86,54,140
"E54000051",2022-10-10,168,120,288
"E54000051",2022-10-11,191,127,318
"E54000051",2022-10-12,189,133,322
"E54000051",2022-10-13,192,128,320
"E54000051",2022-10-14,204,140,344
"E54000051",2022-10-15,126,53,179
"E54000051",2022-10-16,94,53,147
"E54000051",2022-10-17,159,127,286
"E54000051",2022-10-18,201,159,360
"E54000051",2022-10-19,203,172,375
"E54000051",2022-10-20,196,124,320
"E54000051",2022-10-21,209,155,364
"E54000051",2022-10-22,147,78,225
"E54000051",2022-10-23,111,73,184
"E54000051",2022-10-24,160,120,280
"E54000051",2022-10-25,202,133,335
"E54000051",2022-10-26,191,136,327
"E54000051",2022-10-27,175,137,312
"E54000051",2022-10-28,211,133,344
"E54000051",2022-10-29,141,61,202
"E54000051",2022-10-30,97,48,145
"E54000051",2022-10-31,159,123,282
"E54000054",2022-10-01,262,176,438
"E54000054",2022-10-02,213,130,343
"E54000054",2022-10-03,220,163,383
"E54000054",2022-10-04,307,193,500
"E54000054",2022-10-05,343,204,547
"E54000054",2022-10-06,367,198,565
"E54000054",2022-10-07,351,222,573
"E54000054",2022-10-08,281,210,491
"E54000054",2022-10-09,204,123,327
"E54000054",2022-10-10,223,176,399
"E54000054",2022-10-11,317,189,506
"E54000054",2022-10-12,338,255,593
"E54000054",2022-10-13,292,188,480
"E54000054",2022-10-14,323,227,550
"E54000054",2022-10-15,306,180,486
"E54000054",2022-10-16,249,120,369
"E54000054",2022-10-17,210,120,330
"E54000054",2022-10-18,303,217,520
"E54000054",2022-10-19,317,207,524
"E54000054",2022-10-20,330,224,554
"E54000054",2022-10-21,323,211,534
"E54000054",2022-10-22,268,158,426
"E54000054",2022-10-23,194,120,314
"E54000054",2022-10-24,233,157,390
"E54000054",2022-10-25,274,194,468
"E54000054",2022-10-26,340,183,523
"E54000054",2022-10-27,345,202,547
"E54000054",2022-10-28,317,241,558
"E54000054",2022-10-29,293,175,468
"E54000054",2022-10-30,216,124,340
"E54000054",2022-10-31,233,167,400
"E54000057",2022-10-01,159,125,284
"E54000057",2022-10-02,115,57,172
"E54000057",2022-10-03,323,211,534
"E54000057",2022-10-04,389,227,616
"E54000057",2022-10-05,382,209,591
"E54000057",2022-10-06,406,217,623
"E54000057",2022-10-07,241,162,403
"E54000057",2022-10-08,128,65,193
"E54000057",2022-10-09,78,31,109
"E54000057",2022-10-10,363,208,571
"E54000057",2022-10-11,441,212,653
"E54000057",2022-10-12,418,208,626
"E54000057",2022-10-13,404,208,612
"E54000057",2022-10-14,416,208,624
"E54000057",2022-10-15,162,114,276
"E54000057",2022-10-16,119,67,186
"E54000057",2022-10-17,378,212,590
"E54000057",2022-10-18,433,186,619
"E54000057",2022-10-19,428,200,628
"E54000057",2022-10-20,413,206,619
"E54000057",2022-10-21,373,219,592
"E54000057",2022-10-22,192,96,288
"E54000057",2022-10-23,160,54,214
"E54000057",2022-10-24,332,214,546
"E54000057",2022-10-25,409,218,627
"E54000057",2022-10-26,427,219,646
"E54000057",2022-10-27,423,196,619
"E54000057",2022-10-28,439,214,653
"E54000057",2022-10-29,195,93,288
"E54000057",2022-10-30,161,46,207
"E54000057",2022-10-31,398,150,548
"E54000008",2022-10-01,155,90,245
"E54000008",2022-10-02,95,64,159
"E54000008",2022-10-03,194,141,335
"E54000008",2022-10-04,233,164,397
"E54000008",2022-10-05,260,166,426
"E54000008",2022-10-06,247,183,430
"E54000008",2022-10-07,260,173,433
"E54000008",2022-10-08,128,59,187
"E54000008",2022-10-09,100,51,151
"E54000008",2022-10-10,216,194,410
"E54000008",2022-10-11,294,183,477
"E54000008",2022-10-12,259,188,447
"E54000008",2022-10-13,252,190,442
"E54000008",2022-10-14,280,202,482
"E54000008",2022-10-15,194,80,274
"E54000008",2022-10-16,121,70,191
"E54000008",2022-10-17,187,163,350
"E54000008",2022-10-18,248,163,411
"E54000008",2022-10-19,270,170,440
"E54000008",2022-10-20,258,178,436
"E54000008",2022-10-21,235,189,424
"E54000008",2022-10-22,131,94,225
"E54000008",2022-10-23,115,68,183
"E54000008",2022-10-24,213,166,379
"E54000008",2022-10-25,259,166,425
"E54000008",2022-10-26,258,174,432
"E54000008",2022-10-27,238,185,423
"E54000008",2022-10-28,265,155,420
"E54000008",2022-10-29,161,83,244
"E54000008",2022-10-30,114,69,183
"E54000008",2022-10-31,185,173,358
"E54000048",2022-10-01,123,88,211
"E54000048",2022-10-02,74,46,120
"E54000048",2022-10-03,107,93,200
"E54000048",2022-10-04,140,116,256
"E54000048",2022-10-05,197,146,343
"E54000048",2022-10-06,185,121,306
"E54000048",2022-10-07,194,137,331
"E54000048",2022-10-08,140,77,217
"E54000048",2022-10-09,104,49,153
"E54000048",2022-10-10,82,86,168
"E54000048",2022-10-11,152,103,255
"E54000048",2022-10-12,189,114,303
"E54000048",2022-10-13,169,127,296
"E54000048",2022-10-14,165,143,308
"E54000048",2022-10-15,122,99,221
"E54000048",2022-10-16,86,45,131
"E54000048",2022-10-17,106,110,216
"E54000048",2022-10-18,164,136,300
"E54000048",2022-10-19,180,108,288
"E54000048",2022-10-20,144,116,260
"E54000048",2022-10-21,156,145,301
"E54000048",2022-10-22,110,87,197
"E54000048",2022-10-23,88,46,134
"E54000048",2022-10-24,120,106,226
"E54000048",2022-10-25,137,130,267
"E54000048",2022-10-26,190,114,304
"E54000048",2022-10-27,197,103,300
"E54000048",2022-10-28,201,130,331
"E54000048",2022-10-29,127,80,207
"E54000048",2022-10-30,87,41,128
"E54000048",2022-10-31,141,61,202
"E54000032",2022-10-01,115,69,184
"E54000032",2022-10-02,91,50,141
"E54000032",2022-10-03,128,110,238
"E54000032",2022-10-04,198,120,318
"E54000032",2022-10-05,164,111,275
"E54000032",2022-10-06,168,138,306
"E54000032",2022-10-07,169,162,331
"E54000032",2022-10-08,118,62,180
"E54000032",2022-10-09,82,51,133
"E54000032",2022-10-10,130,130,260
"E54000032",2022-10-11,169,137,306
"E54000032",2022-10-12,167,134,301
"E54000032",2022-10-13,179,131,310
"E54000032",2022-10-14,208,140,348
"E54000032",2022-10-15,115,64,179
"E54000032",2022-10-16,83,65,148
"E54000032",2022-10-17,133,109,242
"E54000032",2022-10-18,160,122,282
"E54000032",2022-10-19,175,131,306
"E54000032",2022-10-20,191,124,315
"E54000032",2022-10-21,197,137,334
"E54000032",2022-10-22,127,68,195
"E54000032",2022-10-23,102,49,151
"E54000032",2022-10-24,134,100,234
"E54000032",2022-10-25,157,146,303
"E54000032",2022-10-26,181,115,296
"E54000032",2022-10-27,170,119,289
"E54000032",2022-10-28,178,149,327
"E54000032",2022-10-29,124,67,191
"E54000032",2022-10-30,126,49,175
"E54000032",2022-10-31,135,104,239
"E54000034",2022-10-01,0,0,0
"E54000034",2022-10-02,0,0,0
"E54000034",2022-10-03,53,88,141
"E54000034",2022-10-04,76,80,156
"E54000034",2022-10-05,67,72,139
"E54000034",2022-10-06,85,75,160
"E54000034",2022-10-07,75,86,161
"E54000034",2022-10-08,36,55,91
"E54000034",2022-10-09,35,26,61
"E54000034",2022-10-10,50,71,121
"E54000034",2022-10-11,78,68,146
"E54000034",2022-10-12,79,71,150
"E54000034",2022-10-13,71,57,128
"E54000034",2022-10-14,97,102,199
"E54000034",2022-10-15,45,30,75
"E54000034",2022-10-16,25,39,64
"E54000034",2022-10-17,69,73,142
"E54000034",2022-10-18,82,69,151
"E54000034",2022-10-19,60,75,135
"E54000034",2022-10-20,74,73,147
"E54000034",2022-10-21,71,70,141
"E54000034",2022-10-22,49,54,103
"E54000034",2022-10-23,39,22,61
"E54000034",2022-10-24,0,0,0
"E54000034",2022-10-25,0,0,0
"E54000034",2022-10-26,0,0,0
"E54000034",2022-10-27,0,0,0
"E54000034",2022-10-28,0,0,0
"E54000034",2022-10-29,0,0,0
"E54000034",2022-10-30,0,0,0
"E54000034",2022-10-31,0,0,0
"E54000042",2022-10-01,140,68,208
"E54000042",2022-10-02,75,50,125
"E54000042",2022-10-03,138,130,268
"E54000042",2022-10-04,168,145,313
"E54000042",2022-10-05,175,153,328
"E54000042",2022-10-06,199,127,326
"E54000042",2022-10-07,164,150,314
"E54000042",2022-10-08,106,64,170
"E54000042",2022-10-09,64,43,107
"E54000042",2022-10-10,146,88,234
"E54000042",2022-10-11,172,118,290
"E54000042",2022-10-12,222,127,349
"E54000042",2022-10-13,215,129,344
"E54000042",2022-10-14,202,148,350
"E54000042",2022-10-15,125,65,190
"E54000042",2022-10-16,76,38,114
"E54000042",2022-10-17,434,266,700
"E54000042",2022-10-18,481,246,727
"E54000042",2022-10-19,446,264,710
"E54000042",2022-10-20,436,242,678
"E54000042",2022-10-21,441,281,722
"E54000042",2022-10-22,258,111,369
"E54000042",2022-10-23,385,227,612
"E54000042",2022-10-24,351,238,589
"E54000042",2022-10-25,444,250,694
"E54000042",2022-10-26,464,246,710
"E54000042",2022-10-27,456,228,684
"E54000042",2022-10-28,461,249,710
"E54000042",2022-10-29,251,145,396
"E54000042",2022-10-30,241,99,340
"E54000042",2022-10-31,403,219,622
"E54000044",2022-10-01,154,131,285
"E54000044",2022-10-02,95,63,158
"E54000044",2022-10-03,151,136,287
"E54000044",2022-10-04,191,128,319
"E54000044",2022-10-05,191,142,333
"E54000044",2022-10-06,205,147,352
"E54000044",2022-10-07,182,143,325
"E54000044",2022-10-08,153,91,244
"E54000044",2022-10-09,120,87,207
"E54000044",2022-10-10,146,99,245
"E54000044",2022-10-11,223,116,339
"E54000044",2022-10-12,195,145,340
"E54000044",2022-10-13,181,130,311
"E54000044",2022-10-14,236,163,399
"E54000044",2022-10-15,162,100,262
"E54000044",2022-10-16,109,56,165
"E54000044",2022-10-17,135,122,257
"E54000044",2022-10-18,204,146,350
"E54000044",2022-10-19,203,140,343
"E54000044",2022-10-20,220,170,390
"E54000044",2022-10-21,219,131,350
"E54000044",2022-10-22,170,117,287
"E54000044",2022-10-23,123,58,181
"E54000044",2022-10-24,153,107,260
"E54000044",2022-10-25,183,148,331
"E54000044",2022-10-26,208,109,317
"E54000044",2022-10-27,201,138,339
"E54000044",2022-10-28,205,176,381
"E54000044",2022-10-29,182,94,276
"E54000044",2022-10-30,130,73,203
"E54000044",2022-10-31,157,131,288
"E54000052",2022-10-01,96,51,147
"E54000052",2022-10-02,69,23,92
"E54000052",2022-10-03,65,44,109
"E54000052",2022-10-04,91,55,146
"E54000052",2022-10-05,105,77,182
"E54000052",2022-10-06,90,62,152
"E54000052",2022-10-07,115,59,174
"E54000052",2022-10-08,98,55,153
"E54000052",2022-10-09,96,23,119
"E54000052",2022-10-10,77,55,132
"E54000052",2022-10-11,85,69,154
"E54000052",2022-10-12,99,67,166
"E54000052",2022-10-13,91,65,156
"E54000052",2022-10-14,118,67,185
"E54000052",2022-10-15,107,52,159
"E54000052",2022-10-16,94,28,122
"E54000052",2022-10-17,79,63,142
"E54000052",2022-10-18,114,60,174
"E54000052",2022-10-19,91,52,143
"E54000052",2022-10-20,105,62,167
"E54000052",2022-10-21,112,50,162
"E54000052",2022-10-22,122,69,191
"E54000052",2022-10-23,103,21,124
"E54000052",2022-10-24,76,29,105
"E54000052",2022-10-25,99,68,167
"E54000052",2022-10-26,84,41,125
"E54000052",2022-10-27,128,80,208
"E54000052",2022-10-28,110,58,168
"E54000052",2022-10-29,96,63,159
"E54000052",2022-10-30,74,30,104
"E54000052",2022-10-31,68,44,112
"E54000053",2022-10-01,129,72,201
"E54000053",2022-10-02,82,49,131
"E54000053",2022-10-03,176,138,314
"E54000053",2022-10-04,178,119,297
"E54000053",2022-10-05,191,141,332
"E54000053",2022-10-06,180,157,337
"E54000053",2022-10-07,193,179,372
"E54000053",2022-10-08,165,60,225
"E54000053",2022-10-09,102,33,135
"E54000053",2022-10-10,151,111,262
"E54000053",2022-10-11,209,134,343
"E54000053",2022-10-12,209,122,331
"E54000053",2022-10-13,212,141,353
"E54000053",2022-10-14,198,148,346
"E54000053",2022-10-15,135,76,211
"E54000053",2022-10-16,107,37,144
"E54000053",2022-10-17,140,58,198
"E54000053",2022-10-18,179,134,313
"E54000053",2022-10-19,205,134,339
"E54000053",2022-10-20,208,141,349
"E54000053",2022-10-21,191,159,350
"E54000053",2022-10-22,173,114,287
"E54000053",2022-10-23,150,88,238
"E54000053",2022-10-24,99,51,150
"E54000053",2022-10-25,202,117,319
"E54000053",2022-10-26,206,104,310
"E54000053",2022-10-27,191,126,317
"E54000053",2022-10-28,216,152,368
"E54000053",2022-10-29,161,89,250
"E54000053",2022-10-30,87,37,124
"E54000053",2022-10-31,168,143,311
"E54000036",2022-10-01,45,23,68
"E54000036",2022-10-02,22,11,33
"E54000036",2022-10-03,44,31,75
"E54000036",2022-10-04,45,23,68
"E54000036",2022-10-05,59,54,113
"E54000036",2022-10-06,54,40,94
"E54000036",2022-10-07,53,40,93
"E54000036",2022-10-08,40,22,62
"E54000036",2022-10-09,21,13,34
"E54000036",2022-10-10,33,31,64
"E54000036",2022-10-11,64,31,95
"E54000036",2022-10-12,54,38,92
"E54000036",2022-10-13,41,39,80
"E54000036",2022-10-14,40,50,90
"E54000036",2022-10-15,45,17,62
"E54000036",2022-10-16,26,12,38
"E54000036",2022-10-17,37,28,65
"E54000036",2022-10-18,57,42,99
"E54000036",2022-10-19,57,42,99
"E54000036",2022-10-20,42,32,74
"E54000036",2022-10-21,49,51,100
"E54000036",2022-10-22,28,32,60
"E54000036",2022-10-23,38,15,53
"E54000036",2022-10-24,56,40,96
"E54000036",2022-10-25,64,44,108
"E54000036",2022-10-26,51,47,98
"E54000036",2022-10-27,59,33,92
"E54000036",2022-10-28,68,36,104
"E54000036",2022-10-29,44,24,68
"E54000036",2022-10-30,44,15,59
"E54000036",2022-10-31,46,39,85
"E54000037",2022-10-01,152,76,228
"E54000037",2022-10-02,82,51,133
"E54000037",2022-10-03,121,83,204
"E54000037",2022-10-04,167,113,280
"E54000037",2022-10-05,181,133,314
"E54000037",2022-10-06,188,118,306
"E54000037",2022-10-07,179,124,303
"E54000037",2022-10-08,164,92,256
"E54000037",2022-10-09,102,46,148
"E54000037",2022-10-10,120,71,191
"E54000037",2022-10-11,168,129,297
"E54000037",2022-10-12,179,117,296
"E54000037",2022-10-13,200,137,337
"E54000037",2022-10-14,181,118,299
"E54000037",2022-10-15,155,75,230
"E54000037",2022-10-16,105,62,167
"E54000037",2022-10-17,122,91,213
"E54000037",2022-10-18,145,118,263
"E54000037",2022-10-19,169,112,281
"E54000037",2022-10-20,133,118,251
"E54000037",2022-10-21,188,107,295
"E54000037",2022-10-22,143,94,237
"E54000037",2022-10-23,107,55,162
"E54000037",2022-10-24,114,112,226
"E54000037",2022-10-25,182,104,286
"E54000037",2022-10-26,164,118,282
"E54000037",2022-10-27,166,117,283
"E54000037",2022-10-28,186,104,290
"E54000037",2022-10-29,83,65,148
"E54000037",2022-10-30,97,42,139
"E54000037",2022-10-31,143,94,237
"E54000038",2022-10-01,68,28,96
"E54000038",2022-10-02,34,16,50
"E54000038",2022-10-03,62,28,90
"E54000038",2022-10-04,91,53,144
"E54000038",2022-10-05,91,47,138
"E54000038",2022-10-06,96,37,133
"E54000038",2022-10-07,96,43,139
"E54000038",2022-10-08,64,16,80
"E54000038",2022-10-09,25,4,29
"E54000038",2022-10-10,51,20,71
"E54000038",2022-10-11,94,65,159
"E54000038",2022-10-12,101,27,128
"E54000038",2022-10-13,92,35,127
"E54000038",2022-10-14,63,36,99
"E54000038",2022-10-15,39,7,46
"E54000038",2022-10-16,24,10,34
"E54000038",2022-10-17,47,23,70
"E54000038",2022-10-18,100,38,138
"E54000038",2022-10-19,89,23,112
"E54000038",2022-10-20,87,35,122
"E54000038",2022-10-21,80,43,123
"E54000038",2022-10-22,67,36,103
"E54000038",2022-10-23,41,16,57
"E54000038",2022-10-24,54,33,87
"E54000038",2022-10-25,75,34,109
"E54000038",2022-10-26,81,28,109
"E54000038",2022-10-27,75,31,106
"E54000038",2022-10-28,99,35,134
"E54000038",2022-10-29,59,49,108
"E54000038",2022-10-30,38,12,50
"E54000038",2022-10-31,66,20,86
"E54000039",2022-10-01,93,36,129
"E54000039",2022-10-02,57,34,91
"E54000039",2022-10-03,88,74,162
"E54000039",2022-10-04,98,107,205
"E54000039",2022-10-05,124,101,225
"E54000039",2022-10-06,127,112,239
"E54000039",2022-10-07,126,103,229
"E54000039",2022-10-08,103,29,132
"E54000039",2022-10-09,43,45,88
"E54000039",2022-10-10,101,85,186
"E54000039",2022-10-11,104,114,218
"E54000039",2022-10-12,126,103,229
"E54000039",2022-10-13,92,112,204
"E54000039",2022-10-14,129,116,245
"E54000039",2022-10-15,93,63,156
"E54000039",2022-10-16,37,48,85
"E54000039",2022-10-17,105,100,205
"E54000039",2022-10-18,132,119,251
"E54000039",2022-10-19,110,107,217
"E54000039",2022-10-20,133,104,237
"E54000039",2022-10-21,151,111,262
"E54000039",2022-10-22,74,33,107
"E54000039",2022-10-23,48,69,117
"E54000039",2022-10-24,101,101,202
"E54000039",2022-10-25,123,103,226
"E54000039",2022-10-26,130,131,261
"E54000039",2022-10-27,119,109,228
"E54000039",2022-10-28,131,123,254
"E54000039",2022-10-29,53,46,99
"E54000039",2022-10-30,62,59,121
"E54000039",2022-10-31,110,118,228
"E54000040",2022-10-01,131,78,209
"E54000040",2022-10-02,86,35,121
"E54000040",2022-10-03,114,76,190
"E54000040",2022-10-04,130,110,240
"E54000040",2022-10-05,150,116,266
"E54000040",2022-10-06,151,100,251
"E54000040",2022-10-07,159,109,268
"E54000040",2022-10-08,157,73,230
"E54000040",2022-10-09,34,35,69
"E54000040",2022-10-10,67,55,122
"E54000040",2022-10-11,66,50,116
"E54000040",2022-10-12,76,53,129
"E54000040",2022-10-13,82,60,142
"E54000040",2022-10-14,78,64,142
"E54000040",2022-10-15,49,34,83
"E54000040",2022-10-16,44,26,70
"E54000040",2022-10-17,100,83,183
"E54000040",2022-10-18,159,100,259
"E54000040",2022-10-19,153,110,263
"E54000040",2022-10-20,144,104,248
"E54000040",2022-10-21,150,130,280
"E54000040",2022-10-22,145,84,229
"E54000040",2022-10-23,71,42,113
"E54000040",2022-10-24,108,73,181
"E54000040",2022-10-25,158,83,241
"E54000040",2022-10-26,134,123,257
"E54000040",2022-10-27,173,94,267
"E54000040",2022-10-28,176,109,285
"E54000040",2022-10-29,143,76,219
"E54000040",2022-10-30,135,61,196
"E54000040",2022-10-31,96,80,176
"E54000041",2022-10-01,46,28,74
"E54000041",2022-10-02,39,23,62
"E54000041",2022-10-03,78,51,129
"E54000041",2022-10-04,92,34,126
"E54000041",2022-10-05,99,55,154
"E54000041",2022-10-06,103,60,163
"E54000041",2022-10-07,89,34,123
"E54000041",2022-10-08,60,30,90
"E54000041",2022-10-09,52,28,80
"E54000041",2022-10-10,71,46,117
"E54000041",2022-10-11,110,61,171
"E54000041",2022-10-12,95,49,144
"E54000041",2022-10-13,112,47,159
"E54000041",2022-10-14,93,51,144
"E54000041",2022-10-15,52,41,93
"E54000041",2022-10-16,43,23,66
"E54000041",2022-10-17,62,48,110
"E54000041",2022-10-18,87,50,137
"E54000041",2022-10-19,92,50,142
"E54000041",2022-10-20,89,56,145
"E54000041",2022-10-21,118,42,160
"E54000041",2022-10-22,54,30,84
"E54000041",2022-10-23,44,33,77
"E54000041",2022-10-24,69,26,95
"E54000041",2022-10-25,88,47,135
"E54000041",2022-10-26,96,44,140
"E54000041",2022-10-27,92,52,144
"E54000041",2022-10-28,107,77,184
"E54000041",2022-10-29,54,27,81
"E54000041",2022-10-30,33,18,51
"E54000041",2022-10-31,80,34,114
"E54000043",2022-10-01,36,14,50
"E54000043",2022-10-02,19,24,43
"E54000043",2022-10-03,47,32,79
"E54000043",2022-10-04,41,32,73
"E54000043",2022-10-05,42,43,85
"E54000043",2022-10-06,48,44,92
"E54000043",2022-10-07,58,43,101
"E54000043",2022-10-08,39,29,68
"E54000043",2022-10-09,30,10,40
"E54000043",2022-10-10,28,43,71
"E54000043",2022-10-11,40,42,82
"E54000043",2022-10-12,43,35,78
"E54000043",2022-10-13,34,32,66
"E54000043",2022-10-14,41,37,78
"E54000043",2022-10-15,28,29,57
"E54000043",2022-10-16,30,11,41
"E54000043",2022-10-17,45,34,79
"E54000043",2022-10-18,41,34,75
"E54000043",2022-10-19,44,39,83
"E54000043",2022-10-20,42,30,72
"E54000043",2022-10-21,64,47,111
"E54000043",2022-10-22,23,19,42
"E54000043",2022-10-23,33,8,41
"E54000043",2022-10-24,38,34,72
"E54000043",2022-10-25,46,32,78
"E54000043",2022-10-26,37,31,68
"E54000043",2022-10-27,41,41,82
"E54000043",2022-10-28,60,43,103
"E54000043",2022-10-29,20,7,27
"E54000043",2022-10-30,35,15,50
"E54000043",2022-10-31,35,33,68
"E54000056",2022-11-01,100,86,186
"E54000056",2022-11-02,134,93,227
"E54000056",2022-11-03,143,91,234
"E54000056",2022-11-04,138,87,225
"E54000056",2022-11-05,122,75,197
"E54000056",2022-11-06,93,47,140
"E54000056",2022-11-07,93,58,151
"E54000056",2022-11-08,121,83,204
"E54000056",2022-11-09,141,91,232
"E54000056",2022-11-10,134,76,210
"E54000056",2022-11-11,143,84,227
"E54000056",2022-11-12,102,106,208
"E54000056",2022-11-13,71,43,114
"E54000056",2022-11-14,93,60,153
"E54000056",2022-11-15,108,113,221
"E54000056",2022-11-16,132,89,221
"E54000056",2022-11-17,121,80,201
"E54000056",2022-11-18,127,95,222
"E54000056",2022-11-19,109,81,190
"E54000056",2022-11-20,69,48,117
"E54000056",2022-11-21,89,67,156
"E54000056",2022-11-22,116,82,198
"E54000056",2022-11-23,122,107,229
"E54000056",2022-11-24,114,87,201
"E54000056",2022-11-25,115,103,218
"E54000056",2022-11-26,112,77,189
"E54000056",2022-11-27,65,58,123
"E54000056",2022-11-28,87,59,146
"E54000056",2022-11-29,122,81,203
"E54000056",2022-11-30,124,93,217
"E54000022",2022-11-01,188,96,284
"E54000022",2022-11-02,188,88,276
"E54000022",2022-11-03,153,91,244
"E54000022",2022-11-04,182,105,287
"E54000022",2022-11-05,129,77,206
"E54000022",2022-11-06,128,44,172
"E54000022",2022-11-07,141,75,216
"E54000022",2022-11-08,188,91,279
"E54000022",2022-11-09,155,104,259
"E54000022",2022-11-10,203,90,293
"E54000022",2022-11-11,213,106,319
"E54000022",2022-11-12,140,80,220
"E54000022",2022-11-13,111,65,176
"E54000022",2022-11-14,129,68,197
"E54000022",2022-11-15,171,98,269
"E54000022",2022-11-16,181,100,281
"E54000022",2022-11-17,209,99,308
"E54000022",2022-11-18,210,90,300
"E54000022",2022-11-19,143,81,224
"E54000022",2022-11-20,121,50,171
"E54000022",2022-11-21,128,73,201
"E54000022",2022-11-22,183,109,292
"E54000022",2022-11-23,184,94,278
"E54000022",2022-11-24,176,86,262
"E54000022",2022-11-25,206,97,303
"E54000022",2022-11-26,157,109,266
"E54000022",2022-11-27,107,48,155
"E54000022",2022-11-28,139,73,212
"E54000022",2022-11-29,194,108,302
"E54000022",2022-11-30,180,109,289
"E54000023",2022-11-01,131,73,204
"E54000023",2022-11-02,156,64,220
"E54000023",2022-11-03,157,55,212
"E54000023",2022-11-04,176,84,260
"E54000023",2022-11-05,82,40,122
"E54000023",2022-11-06,59,25,84
"E54000023",2022-11-07,103,81,184
"E54000023",2022-11-08,154,88,242
"E54000023",2022-11-09,150,85,235
"E54000023",2022-11-10,137,81,218
"E54000023",2022-11-11,166,89,255
"E54000023",2022-11-12,92,47,139
"E54000023",2022-11-13,71,29,100
"E54000023",2022-11-14,119,84,203
"E54000023",2022-11-15,137,62,199
"E54000023",2022-11-16,135,78,213
"E54000023",2022-11-17,152,92,244
"E54000023",2022-11-18,147,93,240
"E54000023",2022-11-19,118,60,178
"E54000023",2022-11-20,68,27,95
"E54000023",2022-11-21,100,46,146
"E54000023",2022-11-22,126,85,211
"E54000023",2022-11-23,128,85,213
"E54000023",2022-11-24,159,73,232
"E54000023",2022-11-25,150,84,234
"E54000023",2022-11-26,87,60,147
"E54000023",2022-11-27,62,35,97
"E54000023",2022-11-28,96,76,172
"E54000023",2022-11-29,138,90,228
"E54000023",2022-11-30,129,84,213
"E54000024",2022-11-01,95,63,158
"E54000024",2022-11-02,128,66,194
"E54000024",2022-11-03,114,58,172
"E54000024",2022-11-04,150,40,190
"E54000024",2022-11-05,44,36,80
"E54000024",2022-11-06,54,33,87
"E54000024",2022-11-07,101,65,166
"E54000024",2022-11-08,118,51,169
"E54000024",2022-11-09,130,65,195
"E54000024",2022-11-10,129,58,187
"E54000024",2022-11-11,129,50,179
"E54000024",2022-11-12,80,46,126
"E54000024",2022-11-13,49,28,77
"E54000024",2022-11-14,106,71,177
"E54000024",2022-11-15,128,61,189
"E54000024",2022-11-16,124,62,186
"E54000024",2022-11-17,128,62,190
"E54000024",2022-11-18,143,58,201
"E54000024",2022-11-19,78,40,118
"E54000024",2022-11-20,50,26,76
"E54000024",2022-11-21,97,60,157
"E54000024",2022-11-22,112,68,180
"E54000024",2022-11-23,124,56,180
"E54000024",2022-11-24,118,60,178
"E54000024",2022-11-25,150,48,198
"E54000024",2022-11-26,51,45,96
"E54000024",2022-11-27,43,38,81
"E54000024",2022-11-28,93,64,157
"E54000024",2022-11-29,116,35,151
"E54000024",2022-11-30,107,40,147
"E54000025",2022-11-01,134,79,213
"E54000025",2022-11-02,153,66,219
"E54000025",2022-11-03,142,75,217
"E54000025",2022-11-04,147,104,251
"E54000025",2022-11-05,86,62,148
"E54000025",2022-11-06,70,31,101
"E54000025",2022-11-07,96,68,164
"E54000025",2022-11-08,145,82,227
"E54000025",2022-11-09,116,87,203
"E54000025",2022-11-10,145,84,229
"E54000025",2022-11-11,148,94,242
"E54000025",2022-11-12,84,56,140
"E54000025",2022-11-13,64,45,109
"E54000025",2022-11-14,99,78,177
"E54000025",2022-11-15,121,108,229
"E54000025",2022-11-16,128,65,193
"E54000025",2022-11-17,147,92,239
"E54000025",2022-11-18,154,95,249
"E54000025",2022-11-19,82,64,146
"E54000025",2022-11-20,87,58,145
"E54000025",2022-11-21,109,85,194
"E54000025",2022-11-22,134,99,233
"E54000025",2022-11-23,131,91,222
"E54000025",2022-11-24,124,89,213
"E54000025",2022-11-25,142,90,232
"E54000025",2022-11-26,101,57,158
"E54000025",2022-11-27,71,38,109
"E54000025",2022-11-28,109,68,177
"E54000025",2022-11-29,116,78,194
"E54000025",2022-11-30,144,61,205
"E54000026",2022-11-01,54,21,75
"E54000026",2022-11-02,270,22,292
"E54000026",2022-11-03,45,17,62
"E54000026",2022-11-04,48,18,66
"E54000026",2022-11-05,181,10,191
"E54000026",2022-11-06,111,8,119
"E54000026",2022-11-07,207,15,222
"E54000026",2022-11-08,250,15,265
"E54000026",2022-11-09,277,17,294
"E54000026",2022-11-10,217,15,232
"E54000026",2022-11-11,278,21,299
"E54000026",2022-11-12,172,21,193
"E54000026",2022-11-13,125,9,134
"E54000026",2022-11-14,213,15,228
"E54000026",2022-11-15,249,16,265
"E54000026",2022-11-16,235,20,255
"E54000026",2022-11-17,242,14,256
"E54000026",2022-11-18,242,15,257
"E54000026",2022-11-19,174,8,182
"E54000026",2022-11-20,124,9,133
"E54000026",2022-11-21,177,12,189
"E54000026",2022-11-22,240,18,258
"E54000026",2022-11-23,233,15,248
"E54000026",2022-11-24,257,18,275
"E54000026",2022-11-25,267,16,283
"E54000026",2022-11-26,203,6,209
"E54000026",2022-11-27,136,8,144
"E54000026",2022-11-28,194,10,204
"E54000026",2022-11-29,241,17,258
"E54000026",2022-11-30,264,16,280
"E54000027",2022-11-01,166,105,271
"E54000027",2022-11-02,232,96,328
"E54000027",2022-11-03,255,121,376
"E54000027",2022-11-04,229,131,360
"E54000027",2022-11-05,217,109,326
"E54000027",2022-11-06,113,53,166
"E54000027",2022-11-07,153,84,237
"E54000027",2022-11-08,188,126,314
"E54000027",2022-11-09,223,108,331
"E54000027",2022-11-10,227,104,331
"E54000027",2022-11-11,233,144,377
"E54000027",2022-11-12,228,94,322
"E54000027",2022-11-13,150,53,203
"E54000027",2022-11-14,118,79,197
"E54000027",2022-11-15,211,120,331
"E54000027",2022-11-16,246,99,345
"E54000027",2022-11-17,244,116,360
"E54000027",2022-11-18,234,118,352
"E54000027",2022-11-19,228,82,310
"E54000027",2022-11-20,168,41,209
"E54000027",2022-11-21,176,72,248
"E54000027",2022-11-22,180,86,266
"E54000027",2022-11-23,220,116,336
"E54000027",2022-11-24,235,113,348
"E54000027",2022-11-25,263,101,364
"E54000027",2022-11-26,207,70,277
"E54000027",2022-11-27,143,38,181
"E54000027",2022-11-28,121,72,193
"E54000027",2022-11-29,193,113,306
"E54000027",2022-11-30,228,116,344
"E54000028",2022-11-01,109,132,241
"E54000028",2022-11-02,174,142,316
"E54000028",2022-11-03,177,142,319
"E54000028",2022-11-04,172,133,305
"E54000028",2022-11-05,139,130,269
"E54000028",2022-11-06,104,113,217
"E54000028",2022-11-07,84,89,173
"E54000028",2022-11-08,106,126,232
"E54000028",2022-11-09,187,150,337
"E54000028",2022-11-10,163,152,315
"E54000028",2022-11-11,174,159,333
"E54000028",2022-11-12,150,170,320
"E54000028",2022-11-13,99,109,208
"E54000028",2022-11-14,76,93,169
"E54000028",2022-11-15,117,145,262
"E54000028",2022-11-16,189,152,341
"E54000028",2022-11-17,152,126,278
"E54000028",2022-11-18,152,179,331
"E54000028",2022-11-19,174,132,306
"E54000028",2022-11-20,104,106,210
"E54000028",2022-11-21,106,102,208
"E54000028",2022-11-22,127,123,250
"E54000028",2022-11-23,172,135,307
"E54000028",2022-11-24,169,130,299
"E54000028",2022-11-25,169,149,318
"E54000028",2022-11-26,146,140,286
"E54000028",2022-11-27,132,128,260
"E54000028",2022-11-28,68,100,168
"E54000028",2022-11-29,132,103,235
"E54000028",2022-11-30,168,111,279
"E54000029",2022-11-01,177,175,352
"E54000029",2022-11-02,189,143,332
"E54000029",2022-11-03,149,179,328
"E54000029",2022-11-04,199,194,393
"E54000029",2022-11-05,209,183,392
"E54000029",2022-11-06,101,77,178
"E54000029",2022-11-07,95,140,235
"E54000029",2022-11-08,173,161,334
"E54000029",2022-11-09,189,179,368
"E54000029",2022-11-10,146,142,288
"E54000029",2022-11-11,162,193,355
"E54000029",2022-11-12,191,129,320
"E54000029",2022-11-13,117,64,181
"E54000029",2022-11-14,126,117,243
"E54000029",2022-11-15,163,156,319
"E54000029",2022-11-16,179,172,351
"E54000029",2022-11-17,190,162,352
"E54000029",2022-11-18,169,177,346
"E54000029",2022-11-19,164,113,277
"E54000029",2022-11-20,113,41,154
"E54000029",2022-11-21,135,129,264
"E54000029",2022-11-22,122,176,298
"E54000029",2022-11-23,168,149,317
"E54000029",2022-11-24,165,167,332
"E54000029",2022-11-25,183,200,383
"E54000029",2022-11-26,152,131,283
"E54000029",2022-11-27,106,62,168
"E54000029",2022-11-28,124,108,232
"E54000029",2022-11-29,143,177,320
"E54000029",2022-11-30,150,180,330
"E54000030",2022-11-01,224,162,386
"E54000030",2022-11-02,218,135,353
"E54000030",2022-11-03,194,146,340
"E54000030",2022-11-04,226,151,377
"E54000030",2022-11-05,143,72,215
"E54000030",2022-11-06,130,41,171
"E54000030",2022-11-07,160,132,292
"E54000030",2022-11-08,240,163,403
"E54000030",2022-11-09,236,144,380
"E54000030",2022-11-10,218,124,342
"E54000030",2022-11-11,206,137,343
"E54000030",2022-11-12,128,56,184
"E54000030",2022-11-13,110,36,146
"E54000030",2022-11-14,177,142,319
"E54000030",2022-11-15,218,167,385
"E54000030",2022-11-16,180,133,313
"E54000030",2022-11-17,218,127,345
"E54000030",2022-11-18,180,141,321
"E54000030",2022-11-19,122,57,179
"E54000030",2022-11-20,87,51,138
"E54000030",2022-11-21,167,129,296
"E54000030",2022-11-22,172,140,312
"E54000030",2022-11-23,228,142,370
"E54000030",2022-11-24,205,137,342
"E54000030",2022-11-25,199,132,331
"E54000030",2022-11-26,123,69,192
"E54000030",2022-11-27,102,55,157
"E54000030",2022-11-28,116,165,281
"E54000030",2022-11-29,158,260,418
"E54000030",2022-11-30,230,145,375
"E54000031",2022-11-01,142,122,264
"E54000031",2022-11-02,134,122,256
"E54000031",2022-11-03,160,111,271
"E54000031",2022-11-04,128,129,257
"E54000031",2022-11-05,114,76,190
"E54000031",2022-11-06,76,35,111
"E54000031",2022-11-07,95,90,185
"E54000031",2022-11-08,114,119,233
"E54000031",2022-11-09,174,116,290
"E54000031",2022-11-10,134,116,250
"E54000031",2022-11-11,128,137,265
"E54000031",2022-11-12,90,89,179
"E54000031",2022-11-13,75,31,106
"E54000031",2022-11-14,115,110,225
"E54000031",2022-11-15,147,119,266
"E54000031",2022-11-16,126,106,232
"E54000031",2022-11-17,135,138,273
"E54000031",2022-11-18,144,122,266
"E54000031",2022-11-19,88,70,158
"E54000031",2022-11-20,60,46,106
"E54000031",2022-11-21,94,115,209
"E54000031",2022-11-22,138,122,260
"E54000031",2022-11-23,155,121,276
"E54000031",2022-11-24,154,113,267
"E54000031",2022-11-25,180,156,336
"E54000031",2022-11-26,89,75,164
"E54000031",2022-11-27,76,37,113
"E54000031",2022-11-28,100,111,211
"E54000031",2022-11-29,143,108,251
"E54000031",2022-11-30,155,123,278
"E54000010",2022-11-01,97,47,144
"E54000010",2022-11-02,99,51,150
"E54000010",2022-11-03,127,23,150
"E54000010",2022-11-04,114,47,161
"E54000010",2022-11-05,76,29,105
"E54000010",2022-11-06,54,36,90
"E54000010",2022-11-07,91,41,132
"E54000010",2022-11-08,118,49,167
"E54000010",2022-11-09,97,55,152
"E54000010",2022-11-10,116,65,181
"E54000010",2022-11-11,90,47,137
"E54000010",2022-11-12,78,30,108
"E54000010",2022-11-13,51,18,69
"E54000010",2022-11-14,79,45,124
"E54000010",2022-11-15,110,51,161
"E54000010",2022-11-16,115,53,168
"E54000010",2022-11-17,107,47,154
"E54000010",2022-11-18,90,47,137
"E54000010",2022-11-19,78,30,108
"E54000010",2022-11-20,59,29,88
"E54000010",2022-11-21,80,59,139
"E54000010",2022-11-22,85,51,136
"E54000010",2022-11-23,106,54,160
"E54000010",2022-11-24,123,57,180
"E54000010",2022-11-25,103,46,149
"E54000010",2022-11-26,72,23,95
"E54000010",2022-11-27,55,32,87
"E54000010",2022-11-28,75,40,115
"E54000010",2022-11-29,85,53,138
"E54000010",2022-11-30,111,54,165
"E54000011",2022-11-01,28,58,86
"E54000011",2022-11-02,62,37,99
"E54000011",2022-11-03,57,51,108
"E54000011",2022-11-04,70,39,109
"E54000011",2022-11-05,71,49,120
"E54000011",2022-11-06,25,41,66
"E54000011",2022-11-07,37,14,51
"E54000011",2022-11-08,29,53,82
"E54000011",2022-11-09,66,44,110
"E54000011",2022-11-10,52,56,108
"E54000011",2022-11-11,63,46,109
"E54000011",2022-11-12,69,59,128
"E54000011",2022-11-13,27,24,51
"E54000011",2022-11-14,26,11,37
"E54000011",2022-11-15,52,36,88
"E54000011",2022-11-16,63,44,107
"E54000011",2022-11-17,52,35,87
"E54000011",2022-11-18,56,36,92
"E54000011",2022-11-19,66,52,118
"E54000011",2022-11-20,39,35,74
"E54000011",2022-11-21,24,12,36
"E54000011",2022-11-22,51,36,87
"E54000011",2022-11-23,57,43,100
"E54000011",2022-11-24,54,54,108
"E54000011",2022-11-25,68,44,112
"E54000011",2022-11-26,59,53,112
"E54000011",2022-11-27,24,23,47
"E54000011",2022-11-28,35,12,47
"E54000011",2022-11-29,50,45,95
"E54000011",2022-11-30,64,66,130
"E54000058",2022-11-01,206,130,336
"E54000058",2022-11-02,172,127,299
"E54000058",2022-11-03,183,104,287
"E54000058",2022-11-04,221,122,343
"E54000058",2022-11-05,129,54,183
"E54000058",2022-11-06,118,38,156
"E54000058",2022-11-07,140,115,255
"E54000058",2022-11-08,190,116,306
"E54000058",2022-11-09,206,112,318
"E54000058",2022-11-10,183,117,300
"E54000058",2022-11-11,192,141,333
"E54000058",2022-11-12,152,60,212
"E54000058",2022-11-13,107,51,158
"E54000058",2022-11-14,153,117,270
"E54000058",2022-11-15,138,100,238
"E54000058",2022-11-16,160,92,252
"E54000058",2022-11-17,166,90,256
"E54000058",2022-11-18,183,118,301
"E54000058",2022-11-19,146,55,201
"E54000058",2022-11-20,166,45,211
"E54000058",2022-11-21,162,92,254
"E54000058",2022-11-22,205,99,304
"E54000058",2022-11-23,168,103,271
"E54000058",2022-11-24,188,108,296
"E54000058",2022-11-25,205,130,335
"E54000058",2022-11-26,115,54,169
"E54000058",2022-11-27,102,37,139
"E54000058",2022-11-28,137,96,233
"E54000058",2022-11-29,203,125,328
"E54000058",2022-11-30,181,80,261
"E54000013",2022-11-01,85,43,128
"E54000013",2022-11-02,74,64,138
"E54000013",2022-11-03,78,57,135
"E54000013",2022-11-04,84,61,145
"E54000013",2022-11-05,53,25,78
"E54000013",2022-11-06,45,18,63
"E54000013",2022-11-07,66,63,129
"E54000013",2022-11-08,85,61,146
"E54000013",2022-11-09,82,45,127
"E54000013",2022-11-10,80,66,146
"E54000013",2022-11-11,87,63,150
"E54000013",2022-11-12,63,32,95
"E54000013",2022-11-13,46,14,60
"E54000013",2022-11-14,83,65,148
"E54000013",2022-11-15,99,63,162
"E54000013",2022-11-16,82,62,144
"E54000013",2022-11-17,92,58,150
"E54000013",2022-11-18,75,76,151
"E54000013",2022-11-19,53,31,84
"E54000013",2022-11-20,46,29,75
"E54000013",2022-11-21,77,54,131
"E54000013",2022-11-22,93,65,158
"E54000013",2022-11-23,68,68,136
"E54000013",2022-11-24,51,58,109
"E54000013",2022-11-25,62,38,100
"E54000013",2022-11-26,43,19,62
"E54000013",2022-11-27,12,3,15
"E54000013",2022-11-28,64,63,127
"E54000013",2022-11-29,89,71,160
"E54000013",2022-11-30,74,63,137
"E54000060",2022-11-01,139,116,255
"E54000060",2022-11-02,208,129,337
"E54000060",2022-11-03,210,99,309
"E54000060",2022-11-04,231,131,362
"E54000060",2022-11-05,212,148,360
"E54000060",2022-11-06,126,67,193
"E54000060",2022-11-07,118,77,195
"E54000060",2022-11-08,155,123,278
"E54000060",2022-11-09,219,123,342
"E54000060",2022-11-10,228,124,352
"E54000060",2022-11-11,192,126,318
"E54000060",2022-11-12,203,135,338
"E54000060",2022-11-13,134,45,179
"E54000060",2022-11-14,99,49,148
"E54000060",2022-11-15,188,99,287
"E54000060",2022-11-16,231,137,368
"E54000060",2022-11-17,213,121,334
"E54000060",2022-11-18,187,118,305
"E54000060",2022-11-19,204,151,355
"E54000060",2022-11-20,127,54,181
"E54000060",2022-11-21,110,52,162
"E54000060",2022-11-22,161,131,292
"E54000060",2022-11-23,177,109,286
"E54000060",2022-11-24,212,114,326
"E54000060",2022-11-25,187,121,308
"E54000060",2022-11-26,199,122,321
"E54000060",2022-11-27,120,55,175
"E54000060",2022-11-28,99,41,140
"E54000060",2022-11-29,167,120,287
"E54000060",2022-11-30,191,106,297
"E54000015",2022-11-01,143,126,269
"E54000015",2022-11-02,147,142,289
"E54000015",2022-11-03,155,129,284
"E54000015",2022-11-04,151,129,280
"E54000015",2022-11-05,112,78,190
"E54000015",2022-11-06,96,47,143
"E54000015",2022-11-07,115,114,229
"E54000015",2022-11-08,138,120,258
"E54000015",2022-11-09,177,126,303
"E54000015",2022-11-10,139,120,259
"E54000015",2022-11-11,185,145,330
"E54000015",2022-11-12,136,85,221
"E54000015",2022-11-13,89,56,145
"E54000015",2022-11-14,127,124,251
"E54000015",2022-11-15,162,124,286
"E54000015",2022-11-16,180,124,304
"E54000015",2022-11-17,136,121,257
"E54000015",2022-11-18,161,134,295
"E54000015",2022-11-19,110,84,194
"E54000015",2022-11-20,104,49,153
"E54000015",2022-11-21,127,128,255
"E54000015",2022-11-22,164,105,269
"E54000015",2022-11-23,155,135,290
"E54000015",2022-11-24,160,128,288
"E54000015",2022-11-25,154,137,291
"E54000015",2022-11-26,108,69,177
"E54000015",2022-11-27,87,57,144
"E54000015",2022-11-28,130,137,267
"E54000015",2022-11-29,137,109,246
"E54000015",2022-11-30,148,117,265
"E54000062",2022-11-01,168,79,247
"E54000062",2022-11-02,199,89,288
"E54000062",2022-11-03,164,115,279
"E54000062",2022-11-04,190,110,300
"E54000062",2022-11-05,170,131,301
"E54000062",2022-11-06,131,66,197
"E54000062",2022-11-07,148,72,220
"E54000062",2022-11-08,162,113,275
"E54000062",2022-11-09,191,117,308
"E54000062",2022-11-10,182,129,311
"E54000062",2022-11-11,219,101,320
"E54000062",2022-11-12,171,96,267
"E54000062",2022-11-13,146,52,198
"E54000062",2022-11-14,172,68,240
"E54000062",2022-11-15,147,102,249
"E54000062",2022-11-16,189,118,307
"E54000062",2022-11-17,191,108,299
"E54000062",2022-11-18,184,96,280
"E54000062",2022-11-19,145,101,246
"E54000062",2022-11-20,108,63,171
"E54000062",2022-11-21,126,65,191
"E54000062",2022-11-22,161,95,256
"E54000062",2022-11-23,173,96,269
"E54000062",2022-11-24,170,108,278
"E54000062",2022-11-25,190,122,312
"E54000062",2022-11-26,173,104,277
"E54000062",2022-11-27,131,83,214
"E54000062",2022-11-28,147,64,211
"E54000062",2022-11-29,147,118,265
"E54000062",2022-11-30,216,111,327
"E54000055",2022-11-01,33,20,53
"E54000055",2022-11-02,34,13,47
"E54000055",2022-11-03,25,27,52
"E54000055",2022-11-04,33,19,52
"E54000055",2022-11-05,28,7,35
"E54000055",2022-11-06,19,13,32
"E54000055",2022-11-07,32,19,51
"E54000055",2022-11-08,27,20,47
"E54000055",2022-11-09,31,23,54
"E54000055",2022-11-10,31,13,44
"E54000055",2022-11-11,42,25,67
"E54000055",2022-11-12,22,17,39
"E54000055",2022-11-13,12,5,17
"E54000055",2022-11-14,22,16,38
"E54000055",2022-11-15,25,20,45
"E54000055",2022-11-16,32,15,47
"E54000055",2022-11-17,36,24,60
"E54000055",2022-11-18,41,31,72
"E54000055",2022-11-19,13,8,21
"E54000055",2022-11-20,28,9,37
"E54000055",2022-11-21,29,38,67
"E54000055",2022-11-22,23,25,48
"E54000055",2022-11-23,26,23,49
"E54000055",2022-11-24,27,22,49
"E54000055",2022-11-25,42,21,63
"E54000055",2022-11-26,21,10,31
"E54000055",2022-11-27,22,7,29
"E54000055",2022-11-28,22,28,50
"E54000055",2022-11-29,29,19,48
"E54000055",2022-11-30,26,25,51
"E54000018",2022-11-01,95,85,180
"E54000018",2022-11-02,137,91,228
"E54000018",2022-11-03,131,70,201
"E54000018",2022-11-04,145,111,256
"E54000018",2022-11-05,102,85,187
"E54000018",2022-11-06,64,54,118
"E54000018",2022-11-07,61,57,118
"E54000018",2022-11-08,106,89,195
"E54000018",2022-11-09,135,78,213
"E54000018",2022-11-10,149,85,234
"E54000018",2022-11-11,128,98,226
"E54000018",2022-11-12,124,99,223
"E54000018",2022-11-13,81,59,140
"E54000018",2022-11-14,77,53,130
"E54000018",2022-11-15,101,84,185
"E54000018",2022-11-16,143,75,218
"E54000018",2022-11-17,117,80,197
"E54000018",2022-11-18,146,119,265
"E54000018",2022-11-19,97,81,178
"E54000018",2022-11-20,70,46,116
"E54000018",2022-11-21,73,63,136
"E54000018",2022-11-22,132,73,205
"E54000018",2022-11-23,126,89,215
"E54000018",2022-11-24,112,78,190
"E54000018",2022-11-25,128,118,246
"E54000018",2022-11-26,111,91,202
"E54000018",2022-11-27,88,39,127
"E54000018",2022-11-28,81,57,138
"E54000018",2022-11-29,84,68,152
"E54000018",2022-11-30,135,78,213
"E54000019",2022-11-01,42,29,71
"E54000019",2022-11-02,28,20,48
"E54000019",2022-11-03,31,22,53
"E54000019",2022-11-04,27,27,54
"E54000019",2022-11-05,23,18,41
"E54000019",2022-11-06,23,14,37
"E54000019",2022-11-07,22,24,46
"E54000019",2022-11-08,33,24,57
"E54000019",2022-11-09,29,34,63
"E54000019",2022-11-10,35,29,64
"E54000019",2022-11-11,33,37,70
"E54000019",2022-11-12,23,10,33
"E54000019",2022-11-13,12,13,25
"E54000019",2022-11-14,22,24,46
"E54000019",2022-11-15,43,14,57
"E54000019",2022-11-16,25,33,58
"E54000019",2022-11-17,34,21,55
"E54000019",2022-11-18,43,22,65
"E54000019",2022-11-19,29,3,32
"E54000019",2022-11-20,14,12,26
"E54000019",2022-11-21,15,19,34
"E54000019",2022-11-22,27,20,47
"E54000019",2022-11-23,29,29,58
"E54000019",2022-11-24,31,18,49
"E54000019",2022-11-25,30,35,65
"E54000019",2022-11-26,23,5,28
"E54000019",2022-11-27,10,11,21
"E54000019",2022-11-28,16,12,28
"E54000019",2022-11-29,30,24,54
"E54000019",2022-11-30,22,21,43
"E54000059",2022-11-01,57,51,108
"E54000059",2022-11-02,89,50,139
"E54000059",2022-11-03,103,53,156
"E54000059",2022-11-04,91,43,134
"E54000059",2022-11-05,80,57,137
"E54000059",2022-11-06,70,38,108
"E54000059",2022-11-07,53,19,72
"E54000059",2022-11-08,57,49,106
"E54000059",2022-11-09,77,60,137
"E54000059",2022-11-10,88,64,152
"E54000059",2022-11-11,90,80,170
"E54000059",2022-11-12,98,78,176
"E54000059",2022-11-13,63,64,127
"E54000059",2022-11-14,53,36,89
"E54000059",2022-11-15,57,48,105
"E54000059",2022-11-16,80,58,138
"E54000059",2022-11-17,93,60,153
"E54000059",2022-11-18,85,50,135
"E54000059",2022-11-19,91,63,154
"E54000059",2022-11-20,63,48,111
"E54000059",2022-11-21,42,30,72
"E54000059",2022-11-22,68,69,137
"E54000059",2022-11-23,79,74,153
"E54000059",2022-11-24,59,68,127
"E54000059",2022-11-25,93,52,145
"E54000059",2022-11-26,90,57,147
"E54000059",2022-11-27,70,54,124
"E54000059",2022-11-28,42,26,68
"E54000059",2022-11-29,53,63,116
"E54000059",2022-11-30,83,59,142
"E54000061",2022-11-01,95,41,136
"E54000061",2022-11-02,154,181,335
"E54000061",2022-11-03,181,180,361
"E54000061",2022-11-04,175,187,362
"E54000061",2022-11-05,146,173,319
"E54000061",2022-11-06,124,111,235
"E54000061",2022-11-07,137,99,236
"E54000061",2022-11-08,145,142,287
"E54000061",2022-11-09,171,159,330
"E54000061",2022-11-10,168,169,337
"E54000061",2022-11-11,192,169,361
"E54000061",2022-11-12,184,185,369
"E54000061",2022-11-13,149,100,249
"E54000061",2022-11-14,122,117,239
"E54000061",2022-11-15,164,185,349
"E54000061",2022-11-16,189,143,332
"E54000061",2022-11-17,214,166,380
"E54000061",2022-11-18,197,181,378
"E54000061",2022-11-19,193,139,332
"E54000061",2022-11-20,128,97,225
"E54000061",2022-11-21,115,120,235
"E54000061",2022-11-22,169,167,336
"E54000061",2022-11-23,195,163,358
"E54000061",2022-11-24,192,173,365
"E54000061",2022-11-25,161,200,361
"E54000061",2022-11-26,187,174,361
"E54000061",2022-11-27,155,106,261
"E54000061",2022-11-28,133,95,228
"E54000061",2022-11-29,147,166,313
"E54000061",2022-11-30,122,205,327
"E54000050",2022-11-01,341,328,669
"E54000050",2022-11-02,464,326,790
"E54000050",2022-11-03,370,306,676
"E54000050",2022-11-04,398,303,701
"E54000050",2022-11-05,365,274,639
"E54000050",2022-11-06,280,207,487
"E54000050",2022-11-07,246,202,448
"E54000050",2022-11-08,365,353,718
"E54000050",2022-11-09,401,298,699
"E54000050",2022-11-10,402,312,714
"E54000050",2022-11-11,380,324,704
"E54000050",2022-11-12,317,296,613
"E54000050",2022-11-13,256,203,459
"E54000050",2022-11-14,264,229,493
"E54000050",2022-11-15,367,302,669
"E54000050",2022-11-16,463,270,733
"E54000050",2022-11-17,420,289,709
"E54000050",2022-11-18,404,325,729
"E54000050",2022-11-19,336,278,614
"E54000050",2022-11-20,215,205,420
"E54000050",2022-11-21,281,229,510
"E54000050",2022-11-22,354,328,682
"E54000050",2022-11-23,399,294,693
"E54000050",2022-11-24,401,290,691
"E54000050",2022-11-25,376,306,682
"E54000050",2022-11-26,331,281,612
"E54000050",2022-11-27,249,198,447
"E54000050",2022-11-28,254,258,512
"E54000050",2022-11-29,345,329,674
"E54000050",2022-11-30,367,289,656
"E54000051",2022-11-01,181,150,331
"E54000051",2022-11-02,229,133,362
"E54000051",2022-11-03,218,133,351
"E54000051",2022-11-04,225,182,407
"E54000051",2022-11-05,147,95,242
"E54000051",2022-11-06,108,51,159
"E54000051",2022-11-07,164,141,305
"E54000051",2022-11-08,212,155,367
"E54000051",2022-11-09,206,134,340
"E54000051",2022-11-10,204,161,365
"E54000051",2022-11-11,215,164,379
"E54000051",2022-11-12,97,61,158
"E54000051",2022-11-13,89,46,135
"E54000051",2022-11-14,147,129,276
"E54000051",2022-11-15,224,160,384
"E54000051",2022-11-16,197,132,329
"E54000051",2022-11-17,212,140,352
"E54000051",2022-11-18,228,164,392
"E54000051",2022-11-19,114,68,182
"E54000051",2022-11-20,104,44,148
"E54000051",2022-11-21,164,156,320
"E54000051",2022-11-22,193,142,335
"E54000051",2022-11-23,211,114,325
"E54000051",2022-11-24,202,122,324
"E54000051",2022-11-25,237,166,403
"E54000051",2022-11-26,125,68,193
"E54000051",2022-11-27,105,51,156
"E54000051",2022-11-28,172,142,314
"E54000051",2022-11-29,190,162,352
"E54000051",2022-11-30,190,146,336
"E54000054",2022-11-01,333,196,529
"E54000054",2022-11-02,314,228,542
"E54000054",2022-11-03,334,236,570
"E54000054",2022-11-04,349,239,588
"E54000054",2022-11-05,303,201,504
"E54000054",2022-11-06,225,135,360
"E54000054",2022-11-07,223,173,396
"E54000054",2022-11-08,313,250,563
"E54000054",2022-11-09,343,247,590
"E54000054",2022-11-10,289,232,521
"E54000054",2022-11-11,355,226,581
"E54000054",2022-11-12,295,188,483
"E54000054",2022-11-13,222,124,346
"E54000054",2022-11-14,216,145,361
"E54000054",2022-11-15,316,222,538
"E54000054",2022-11-16,343,206,549
"E54000054",2022-11-17,335,233,568
"E54000054",2022-11-18,344,220,564
"E54000054",2022-11-19,320,181,501
"E54000054",2022-11-20,197,133,330
"E54000054",2022-11-21,214,162,376
"E54000054",2022-11-22,285,259,544
"E54000054",2022-11-23,345,227,572
"E54000054",2022-11-24,315,253,568
"E54000054",2022-11-25,324,227,551
"E54000054",2022-11-26,254,226,480
"E54000054",2022-11-27,198,122,320
"E54000054",2022-11-28,206,152,358
"E54000054",2022-11-29,301,253,554
"E54000054",2022-11-30,340,246,586
"E54000057",2022-11-01,244,154,398
"E54000057",2022-11-02,263,166,429
"E54000057",2022-11-03,287,146,433
"E54000057",2022-11-04,273,185,458
"E54000057",2022-11-05,171,101,272
"E54000057",2022-11-06,118,62,180
"E54000057",2022-11-07,150,110,260
"E54000057",2022-11-08,256,143,399
"E54000057",2022-11-09,296,179,475
"E54000057",2022-11-10,277,165,442
"E54000057",2022-11-11,275,167,442
"E54000057",2022-11-12,164,95,259
"E54000057",2022-11-13,134,71,205
"E54000057",2022-11-14,214,140,354
"E54000057",2022-11-15,249,175,424
"E54000057",2022-11-16,282,170,452
"E54000057",2022-11-17,278,163,441
"E54000057",2022-11-18,258,145,403
"E54000057",2022-11-19,145,83,228
"E54000057",2022-11-20,132,72,204
"E54000057",2022-11-21,188,153,341
"E54000057",2022-11-22,235,161,396
"E54000057",2022-11-23,266,141,407
"E54000057",2022-11-24,245,160,405
"E54000057",2022-11-25,240,189,429
"E54000057",2022-11-26,155,89,244
"E54000057",2022-11-27,137,54,191
"E54000057",2022-11-28,229,153,382
"E54000057",2022-11-29,266,167,433
"E54000057",2022-11-30,229,127,356
"E54000008",2022-11-01,248,156,404
"E54000008",2022-11-02,256,159,415
"E54000008",2022-11-03,236,159,395
"E54000008",2022-11-04,237,178,415
"E54000008",2022-11-05,163,61,224
"E54000008",2022-11-06,95,66,161
"E54000008",2022-11-07,204,163,367
"E54000008",2022-11-08,383,215,598
"E54000008",2022-11-09,240,144,384
"E54000008",2022-11-10,302,148,450
"E54000008",2022-11-11,267,146,413
"E54000008",2022-11-12,168,86,254
"E54000008",2022-11-13,128,60,188
"E54000008",2022-11-14,201,128,329
"E54000008",2022-11-15,245,149,394
"E54000008",2022-11-16,256,151,407
"E54000008",2022-11-17,273,164,437
"E54000008",2022-11-18,244,153,397
"E54000008",2022-11-19,150,87,237
"E54000008",2022-11-20,111,57,168
"E54000008",2022-11-21,208,159,367
"E54000008",2022-11-22,255,125,380
"E54000008",2022-11-23,221,121,342
"E54000008",2022-11-24,259,135,394
"E54000008",2022-11-25,244,149,393
"E54000008",2022-11-26,137,60,197
"E54000008",2022-11-27,87,36,123
"E54000008",2022-11-28,188,158,346
"E54000008",2022-11-29,263,136,399
"E54000008",2022-11-30,255,152,407
"E54000048",2022-11-01,170,144,314
"E54000048",2022-11-02,197,137,334
"E54000048",2022-11-03,197,121,318
"E54000048",2022-11-04,188,142,330
"E54000048",2022-11-05,135,64,199
"E54000048",2022-11-06,113,52,165
"E54000048",2022-11-07,144,91,235
"E54000048",2022-11-08,155,142,297
"E54000048",2022-11-09,166,115,281
"E54000048",2022-11-10,178,121,299
"E54000048",2022-11-11,195,122,317
"E54000048",2022-11-12,127,88,215
"E54000048",2022-11-13,91,54,145
"E54000048",2022-11-14,159,102,261
"E54000048",2022-11-15,169,105,274
"E54000048",2022-11-16,181,112,293
"E54000048",2022-11-17,177,122,299
"E54000048",2022-11-18,182,118,300
"E54000048",2022-11-19,125,82,207
"E54000048",2022-11-20,69,54,123
"E54000048",2022-11-21,140,97,237
"E54000048",2022-11-22,157,110,267
"E54000048",2022-11-23,162,117,279
"E54000048",2022-11-24,189,111,300
"E54000048",2022-11-25,216,118,334
"E54000048",2022-11-26,138,73,211
"E54000048",2022-11-27,88,58,146
"E54000048",2022-11-28,110,116,226
"E54000048",2022-11-29,180,140,320
"E54000048",2022-11-30,196,153,349
"E54000032",2022-11-01,177,115,292
"E54000032",2022-11-02,190,133,323
"E54000032",2022-11-03,176,121,297
"E54000032",2022-11-04,236,114,350
"E54000032",2022-11-05,141,62,203
"E54000032",2022-11-06,121,46,167
"E54000032",2022-11-07,123,111,234
"E54000032",2022-11-08,181,142,323
"E54000032",2022-11-09,205,131,336
"E54000032",2022-11-10,180,123,303
"E54000032",2022-11-11,224,136,360
"E54000032",2022-11-12,139,63,202
"E54000032",2022-11-13,104,28,132
"E54000032",2022-11-14,135,113,248
"E54000032",2022-11-15,163,128,291
"E54000032",2022-11-16,174,119,293
"E54000032",2022-11-17,172,128,300
"E54000032",2022-11-18,146,136,282
"E54000032",2022-11-19,143,71,214
"E54000032",2022-11-20,93,50,143
"E54000032",2022-11-21,136,135,271
"E54000032",2022-11-22,182,155,337
"E54000032",2022-11-23,197,122,319
"E54000032",2022-11-24,175,125,300
"E54000032",2022-11-25,205,146,351
"E54000032",2022-11-26,128,84,212
"E54000032",2022-11-27,109,47,156
"E54000032",2022-11-28,131,121,252
"E54000032",2022-11-29,215,158,373
"E54000032",2022-11-30,193,135,328
"E54000034",2022-11-01,88,71,159
"E54000034",2022-11-02,66,81,147
"E54000034",2022-11-03,80,51,131
"E54000034",2022-11-04,94,83,177
"E54000034",2022-11-05,37,35,72
"E54000034",2022-11-06,35,34,69
"E54000034",2022-11-07,69,67,136
"E54000034",2022-11-08,81,74,155
"E54000034",2022-11-09,79,58,137
"E54000034",2022-11-10,67,65,132
"E54000034",2022-11-11,94,83,177
"E54000034",2022-11-12,30,52,82
"E54000034",2022-11-13,33,21,54
"E54000034",2022-11-14,40,0,40
"E54000034",2022-11-15,27,0,27
"E54000034",2022-11-16,41,0,41
"E54000034",2022-11-17,40,0,40
"E54000034",2022-11-18,38,0,38
"E54000034",2022-11-19,17,0,17
"E54000034",2022-11-20,10,0,10
"E54000034",2022-11-21,63,0,63
"E54000034",2022-11-22,81,0,81
"E54000034",2022-11-23,86,0,86
"E54000034",2022-11-24,86,0,86
"E54000034",2022-11-25,84,0,84
"E54000034",2022-11-26,31,0,31
"E54000034",2022-11-27,37,0,37
"E54000034",2022-11-28,31,0,31
"E54000034",2022-11-29,36,0,36
"E54000034",2022-11-30,27,0,27
"E54000042",2022-11-01,460,255,715
"E54000042",2022-11-02,472,235,707
"E54000042",2022-11-03,477,240,717
"E54000042",2022-11-04,481,260,741
"E54000042",2022-11-05,232,127,359
"E54000042",2022-11-06,200,107,307
"E54000042",2022-11-07,382,217,599
"E54000042",2022-11-08,450,260,710
"E54000042",2022-11-09,481,266,747
"E54000042",2022-11-10,393,232,625
"E54000042",2022-11-11,535,267,802
"E54000042",2022-11-12,296,142,438
"E54000042",2022-11-13,222,50,272
"E54000042",2022-11-14,331,212,543
"E54000042",2022-11-15,407,207,614
"E54000042",2022-11-16,363,214,577
"E54000042",2022-11-17,392,221,613
"E54000042",2022-11-18,411,196,607
"E54000042",2022-11-19,234,110,344
"E54000042",2022-11-20,186,56,242
"E54000042",2022-11-21,276,143,419
"E54000042",2022-11-22,377,213,590
"E54000042",2022-11-23,341,183,524
"E54000042",2022-11-24,371,194,565
"E54000042",2022-11-25,436,297,733
"E54000042",2022-11-26,175,109,284
"E54000042",2022-11-27,125,75,200
"E54000042",2022-11-28,67,64,131
"E54000042",2022-11-29,85,49,134
"E54000042",2022-11-30,94,72,166
"E54000044",2022-11-01,212,137,349
"E54000044",2022-11-02,204,145,349
"E54000044",2022-11-03,195,126,321
"E54000044",2022-11-04,239,145,384
"E54000044",2022-11-05,180,100,280
"E54000044",2022-11-06,151,64,215
"E54000044",2022-11-07,143,92,235
"E54000044",2022-11-08,220,138,358
"E54000044",2022-11-09,245,123,368
"E54000044",2022-11-10,204,135,339
"E54000044",2022-11-11,226,156,382
"E54000044",2022-11-12,173,120,293
"E54000044",2022-11-13,142,55,197
"E54000044",2022-11-14,170,150,320
"E54000044",2022-11-15,215,131,346
"E54000044",2022-11-16,213,129,342
"E54000044",2022-11-17,204,138,342
"E54000044",2022-11-18,225,172,397
"E54000044",2022-11-19,171,99,270
"E54000044",2022-11-20,121,68,189
"E54000044",2022-11-21,153,109,262
"E54000044",2022-11-22,204,150,354
"E54000044",2022-11-23,206,158,364
"E54000044",2022-11-24,212,116,328
"E54000044",2022-11-25,211,160,371
"E54000044",2022-11-26,182,96,278
"E54000044",2022-11-27,119,68,187
"E54000044",2022-11-28,152,180,332
"E54000044",2022-11-29,171,156,327
"E54000044",2022-11-30,185,145,330
"E54000052",2022-11-01,95,68,163
"E54000052",2022-11-02,123,61,184
"E54000052",2022-11-03,104,65,169
"E54000052",2022-11-04,111,87,198
"E54000052",2022-11-05,117,67,184
"E54000052",2022-11-06,105,36,141
"E54000052",2022-11-07,84,48,132
"E54000052",2022-11-08,87,49,136
"E54000052",2022-11-09,121,75,196
"E54000052",2022-11-10,115,82,197
"E54000052",2022-11-11,116,66,182
"E54000052",2022-11-12,127,62,189
"E54000052",2022-11-13,80,20,100
"E54000052",2022-11-14,72,31,103
"E54000052",2022-11-15,96,70,166
"E54000052",2022-11-16,103,62,165
"E54000052",2022-11-17,103,77,180
"E54000052",2022-11-18,104,60,164
"E54000052",2022-11-19,113,56,169
"E54000052",2022-11-20,62,35,97
"E54000052",2022-11-21,68,44,112
"E54000052",2022-11-22,100,71,171
"E54000052",2022-11-23,97,78,175
"E54000052",2022-11-24,117,65,182
"E54000052",2022-11-25,123,63,186
"E54000052",2022-11-26,99,67,166
"E54000052",2022-11-27,93,28,121
"E54000052",2022-11-28,72,62,134
"E54000052",2022-11-29,91,79,170
"E54000052",2022-11-30,114,79,193
"E54000053",2022-11-01,186,131,317
"E54000053",2022-11-02,221,140,361
"E54000053",2022-11-03,221,127,348
"E54000053",2022-11-04,255,156,411
"E54000053",2022-11-05,168,67,235
"E54000053",2022-11-06,99,39,138
"E54000053",2022-11-07,159,126,285
"E54000053",2022-11-08,197,134,331
"E54000053",2022-11-09,246,128,374
"E54000053",2022-11-10,227,124,351
"E54000053",2022-11-11,222,139,361
"E54000053",2022-11-12,155,73,228
"E54000053",2022-11-13,96,38,134
"E54000053",2022-11-14,128,53,181
"E54000053",2022-11-15,189,118,307
"E54000053",2022-11-16,225,141,366
"E54000053",2022-11-17,235,150,385
"E54000053",2022-11-18,226,129,355
"E54000053",2022-11-19,208,138,346
"E54000053",2022-11-20,136,49,185
"E54000053",2022-11-21,127,50,177
"E54000053",2022-11-22,177,112,289
"E54000053",2022-11-23,215,134,349
"E54000053",2022-11-24,193,129,322
"E54000053",2022-11-25,226,130,356
"E54000053",2022-11-26,148,55,203
"E54000053",2022-11-27,90,43,133
"E54000053",2022-11-28,179,132,311
"E54000053",2022-11-29,118,74,192
"E54000053",2022-11-30,213,118,331
"E54000036",2022-11-01,70,31,101
"E54000036",2022-11-02,76,32,108
"E54000036",2022-11-03,49,42,91
"E54000036",2022-11-04,56,51,107
"E54000036",2022-11-05,42,17,59
"E54000036",2022-11-06,28,14,42
"E54000036",2022-11-07,42,40,82
"E54000036",2022-11-08,53,45,98
"E54000036",2022-11-09,61,36,97
"E54000036",2022-11-10,60,39,99
"E54000036",2022-11-11,55,37,92
"E54000036",2022-11-12,49,29,78
"E54000036",2022-11-13,30,10,40
"E54000036",2022-11-14,36,48,84
"E54000036",2022-11-15,62,42,104
"E54000036",2022-11-16,65,41,106
"E54000036",2022-11-17,64,56,120
"E54000036",2022-11-18,54,75,129
"E54000036",2022-11-19,34,42,76
"E54000036",2022-11-20,32,19,51
"E54000036",2022-11-21,35,48,83
"E54000036",2022-11-22,52,56,108
"E54000036",2022-11-23,57,29,86
"E54000036",2022-11-24,71,35,106
"E54000036",2022-11-25,74,64,138
"E54000036",2022-11-26,51,40,91
"E54000036",2022-11-27,39,13,52
"E54000036",2022-11-28,40,38,78
"E54000036",2022-11-29,57,33,90
"E54000036",2022-11-30,68,49,117
"E54000037",2022-11-01,185,121,306
"E54000037",2022-11-02,181,107,288
"E54000037",2022-11-03,186,109,295
"E54000037",2022-11-04,179,128,307
"E54000037",2022-11-05,139,61,200
"E54000037",2022-11-06,95,41,136
"E54000037",2022-11-07,136,112,248
"E54000037",2022-11-08,176,130,306
"E54000037",2022-11-09,193,100,293
"E54000037",2022-11-10,198,124,322
"E54000037",2022-11-11,186,137,323
"E54000037",2022-11-12,146,80,226
"E54000037",2022-11-13,118,49,167
"E54000037",2022-11-14,136,122,258
"E54000037",2022-11-15,176,106,282
"E54000037",2022-11-16,202,122,324
"E54000037",2022-11-17,174,113,287
"E54000037",2022-11-18,189,114,303
"E54000037",2022-11-19,134,67,201
"E54000037",2022-11-20,94,48,142
"E54000037",2022-11-21,155,140,295
"E54000037",2022-11-22,175,111,286
"E54000037",2022-11-23,181,107,288
"E54000037",2022-11-24,176,108,284
"E54000037",2022-11-25,182,136,318
"E54000037",2022-11-26,137,66,203
"E54000037",2022-11-27,91,49,140
"E54000037",2022-11-28,149,102,251
"E54000037",2022-11-29,192,129,321
"E54000037",2022-11-30,177,133,310
"E54000038",2022-11-01,92,27,119
"E54000038",2022-11-02,73,27,100
"E54000038",2022-11-03,98,29,127
"E54000038",2022-11-04,105,45,150
"E54000038",2022-11-05,54,38,92
"E54000038",2022-11-06,41,12,53
"E54000038",2022-11-07,64,30,94
"E54000038",2022-11-08,83,38,121
"E54000038",2022-11-09,87,40,127
"E54000038",2022-11-10,71,29,100
"E54000038",2022-11-11,74,34,108
"E54000038",2022-11-12,51,23,74
"E54000038",2022-11-13,34,12,46
"E54000038",2022-11-14,57,32,89
"E54000038",2022-11-15,99,46,145
"E54000038",2022-11-16,106,40,146
"E54000038",2022-11-17,95,41,136
"E54000038",2022-11-18,117,49,166
"E54000038",2022-11-19,65,26,91
"E54000038",2022-11-20,52,13,65
"E54000038",2022-11-21,72,19,91
"E54000038",2022-11-22,81,29,110
"E54000038",2022-11-23,100,28,128
"E54000038",2022-11-24,99,24,123
"E54000038",2022-11-25,103,38,141
"E54000038",2022-11-26,77,27,104
"E54000038",2022-11-27,55,10,65
"E54000038",2022-11-28,72,20,92
"E54000038",2022-11-29,87,33,120
"E54000038",2022-11-30,111,42,153
"E54000039",2022-11-01,118,126,244
"E54000039",2022-11-02,98,124,222
"E54000039",2022-11-03,119,110,229
"E54000039",2022-11-04,128,96,224
"E54000039",2022-11-05,91,42,133
"E54000039",2022-11-06,60,53,113
"E54000039",2022-11-07,83,102,185
"E54000039",2022-11-08,117,85,202
"E54000039",2022-11-09,109,106,215
"E54000039",2022-11-10,105,101,206
"E54000039",2022-11-11,140,127,267
"E54000039",2022-11-12,74,76,150
"E54000039",2022-11-13,58,43,101
"E54000039",2022-11-14,91,104,195
"E54000039",2022-11-15,124,127,251
"E54000039",2022-11-16,101,102,203
"E54000039",2022-11-17,140,101,241
"E54000039",2022-11-18,140,147,287
"E54000039",2022-11-19,69,49,118
"E54000039",2022-11-20,50,56,106
"E54000039",2022-11-21,93,109,202
"E54000039",2022-11-22,133,88,221
"E54000039",2022-11-23,119,101,220
"E54000039",2022-11-24,101,104,205
"E54000039",2022-11-25,148,114,262
"E54000039",2022-11-26,96,35,131
"E54000039",2022-11-27,56,38,94
"E54000039",2022-11-28,103,101,204
"E54000039",2022-11-29,104,92,196
"E54000039",2022-11-30,107,106,213
"E54000040",2022-11-01,140,105,245
"E54000040",2022-11-02,193,98,291
"E54000040",2022-11-03,176,121,297
"E54000040",2022-11-04,184,101,285
"E54000040",2022-11-05,138,73,211
"E54000040",2022-11-06,77,48,125
"E54000040",2022-11-07,125,64,189
"E54000040",2022-11-08,136,93,229
"E54000040",2022-11-09,165,116,281
"E54000040",2022-11-10,172,118,290
"E54000040",2022-11-11,187,109,296
"E54000040",2022-11-12,134,96,230
"E54000040",2022-11-13,102,37,139
"E54000040",2022-11-14,107,72,179
"E54000040",2022-11-15,173,100,273
"E54000040",2022-11-16,195,83,278
"E54000040",2022-11-17,159,131,290
"E54000040",2022-11-18,143,94,237
"E54000040",2022-11-19,121,62,183
"E54000040",2022-11-20,90,34,124
"E54000040",2022-11-21,114,62,176
"E54000040",2022-11-22,145,80,225
"E54000040",2022-11-23,170,94,264
"E54000040",2022-11-24,202,110,312
"E54000040",2022-11-25,178,97,275
"E54000040",2022-11-26,147,70,217
"E54000040",2022-11-27,94,37,131
"E54000040",2022-11-28,113,75,188
"E54000040",2022-11-29,156,111,267
"E54000040",2022-11-30,165,91,256
"E54000041",2022-11-01,101,51,152
"E54000041",2022-11-02,106,51,157
"E54000041",2022-11-03,99,44,143
"E54000041",2022-11-04,116,41,157
"E54000041",2022-11-05,67,22,89
"E54000041",2022-11-06,52,7,59
"E54000041",2022-11-07,82,36,118
"E54000041",2022-11-08,103,49,152
"E54000041",2022-11-09,113,42,155
"E54000041",2022-11-10,102,59,161
"E54000041",2022-11-11,99,47,146
"E54000041",2022-11-12,86,28,114
"E54000041",2022-11-13,32,11,43
"E54000041",2022-11-14,94,44,138
"E54000041",2022-11-15,118,45,163
"E54000041",2022-11-16,99,44,143
"E54000041",2022-11-17,110,43,153
"E54000041",2022-11-18,96,60,156
"E54000041",2022-11-19,64,38,102
"E54000041",2022-11-20,43,18,61
"E54000041",2022-11-21,68,43,111
"E54000041",2022-11-22,128,42,170
"E54000041",2022-11-23,110,44,154
"E54000041",2022-11-24,107,54,161
"E54000041",2022-11-25,124,55,179
"E54000041",2022-11-26,57,26,83
"E54000041",2022-11-27,37,13,50
"E54000041",2022-11-28,77,47,124
"E54000041",2022-11-29,79,39,118
"E54000041",2022-11-30,89,66,155
"E54000043",2022-11-01,39,25,64
"E54000043",2022-11-02,43,31,74
"E54000043",2022-11-03,50,36,86
"E54000043",2022-11-04,49,38,87
"E54000043",2022-11-05,51,34,85
"E54000043",2022-11-06,29,17,46
"E54000043",2022-11-07,33,40,73
"E54000043",2022-11-08,59,25,84
"E54000043",2022-11-09,50,49,99
"E54000043",2022-11-10,52,36,88
"E54000043",2022-11-11,48,50,98
"E54000043",2022-11-12,41,23,64
"E54000043",2022-11-13,38,22,60
"E54000043",2022-11-14,43,33,76
"E54000043",2022-11-15,52,36,88
"E54000043",2022-11-16,43,42,85
"E54000043",2022-11-17,43,31,74
"E54000043",2022-11-18,69,45,114
"E54000043",2022-11-19,38,15,53
"E54000043",2022-11-20,27,11,38
"E54000043",2022-11-21,43,41,84
"E54000043",2022-11-22,38,41,79
"E54000043",2022-11-23,34,30,64
"E54000043",2022-11-24,48,16,64
"E54000043",2022-11-25,52,39,91
"E54000043",2022-11-26,34,16,50
"E54000043",2022-11-27,24,6,30
"E54000043",2022-11-28,43,15,58
"E54000043",2022-11-29,54,26,80
"E54000043",2022-11-30,40,30,70
"E54000056",2022-12-01,102,78,180
"E54000056",2022-12-02,135,83,218
"E54000056",2022-12-03,111,97,208
"E54000056",2022-12-04,65,52,117
"E54000056",2022-12-05,86,58,144
"E54000056",2022-12-06,112,95,207
"E54000056",2022-12-07,110,109,219
"E54000056",2022-12-08,110,78,188
"E54000056",2022-12-09,108,90,198
"E54000056",2022-12-10,99,92,191
"E54000056",2022-12-11,70,51,121
"E54000056",2022-12-12,77,58,135
"E54000056",2022-12-13,100,73,173
"E54000056",2022-12-14,117,93,210
"E54000056",2022-12-15,113,75,188
"E54000056",2022-12-16,106,97,203
"E54000056",2022-12-17,89,83,172
"E54000056",2022-12-18,53,44,97
"E54000056",2022-12-19,64,53,117
"E54000056",2022-12-20,103,95,198
"E54000056",2022-12-21,126,90,216
"E54000056",2022-12-22,106,109,215
"E54000056",2022-12-23,125,110,235
"E54000056",2022-12-24,120,106,226
"E54000056",2022-12-25,81,70,151
"E54000056",2022-12-26,57,34,91
"E54000056",2022-12-27,71,30,101
"E54000056",2022-12-28,58,51,109
"E54000056",2022-12-29,98,94,192
"E54000056",2022-12-30,114,93,207
"E54000056",2022-12-31,111,87,198
"E54000022",2022-12-01,173,91,264
"E54000022",2022-12-02,172,92,264
"E54000022",2022-12-03,161,83,244
"E54000022",2022-12-04,99,39,138
"E54000022",2022-12-05,136,85,221
"E54000022",2022-12-06,170,113,283
"E54000022",2022-12-07,170,118,288
"E54000022",2022-12-08,192,111,303
"E54000022",2022-12-09,185,88,273
"E54000022",2022-12-10,149,88,237
"E54000022",2022-12-11,121,50,171
"E54000022",2022-12-12,134,58,192
"E54000022",2022-12-13,172,106,278
"E54000022",2022-12-14,162,127,289
"E54000022",2022-12-15,153,114,267
"E54000022",2022-12-16,182,110,292
"E54000022",2022-12-17,149,89,238
"E54000022",2022-12-18,93,58,151
"E54000022",2022-12-19,168,73,241
"E54000022",2022-12-20,193,101,294
"E54000022",2022-12-21,217,106,323
"E54000022",2022-12-22,200,129,329
"E54000022",2022-12-23,182,92,274
"E54000022",2022-12-24,162,94,256
"E54000022",2022-12-25,119,85,204
"E54000022",2022-12-26,81,33,114
"E54000022",2022-12-27,78,35,113
"E54000022",2022-12-28,93,58,151
"E54000022",2022-12-29,150,81,231
"E54000022",2022-12-30,158,100,258
"E54000022",2022-12-31,141,93,234
"E54000023",2022-12-01,133,91,224
"E54000023",2022-12-02,135,110,245
"E54000023",2022-12-03,87,51,138
"E54000023",2022-12-04,54,30,84
"E54000023",2022-12-05,144,60,204
"E54000023",2022-12-06,126,67,193
"E54000023",2022-12-07,112,75,187
"E54000023",2022-12-08,123,85,208
"E54000023",2022-12-09,138,99,237
"E54000023",2022-12-10,101,61,162
"E54000023",2022-12-11,53,26,79
"E54000023",2022-12-12,115,77,192
"E54000023",2022-12-13,133,68,201
"E54000023",2022-12-14,142,62,204
"E54000023",2022-12-15,145,63,208
"E54000023",2022-12-16,142,84,226
"E54000023",2022-12-17,86,38,124
"E54000023",2022-12-18,62,26,88
"E54000023",2022-12-19,94,99,193
"E54000023",2022-12-20,123,84,207
"E54000023",2022-12-21,138,80,218
"E54000023",2022-12-22,168,81,249
"E54000023",2022-12-23,113,61,174
"E54000023",2022-12-24,109,65,174
"E54000023",2022-12-25,41,24,65
"E54000023",2022-12-26,48,27,75
"E54000023",2022-12-27,61,35,96
"E54000023",2022-12-28,104,64,168
"E54000023",2022-12-29,150,98,248
"E54000023",2022-12-30,140,94,234
"E54000023",2022-12-31,104,47,151
"E54000024",2022-12-01,96,37,133
"E54000024",2022-12-02,162,52,214
"E54000024",2022-12-03,78,37,115
"E54000024",2022-12-04,43,36,79
"E54000024",2022-12-05,109,57,166
"E54000024",2022-12-06,126,55,181
"E54000024",2022-12-07,115,38,153
"E54000024",2022-12-08,117,70,187
"E54000024",2022-12-09,126,51,177
"E54000024",2022-12-10,72,42,114
"E54000024",2022-12-11,45,35,80
"E54000024",2022-12-12,83,47,130
"E54000024",2022-12-13,126,59,185
"E54000024",2022-12-14,136,63,199
"E54000024",2022-12-15,95,48,143
"E54000024",2022-12-16,115,44,159
"E54000024",2022-12-17,78,37,115
"E54000024",2022-12-18,48,23,71
"E54000024",2022-12-19,90,62,152
"E54000024",2022-12-20,127,55,182
"E54000024",2022-12-21,131,72,203
"E54000024",2022-12-22,131,47,178
"E54000024",2022-12-23,155,56,211
"E54000024",2022-12-24,66,63,129
"E54000024",2022-12-25,61,30,91
"E54000024",2022-12-26,53,32,85
"E54000024",2022-12-27,65,28,93
"E54000024",2022-12-28,76,44,120
"E54000024",2022-12-29,102,43,145
"E54000024",2022-12-30,133,63,196
"E54000024",2022-12-31,68,36,104
"E54000025",2022-12-01,138,72,210
"E54000025",2022-12-02,145,107,252
"E54000025",2022-12-03,115,72,187
"E54000025",2022-12-04,80,36,116
"E54000025",2022-12-05,99,68,167
"E54000025",2022-12-06,126,95,221
"E54000025",2022-12-07,126,94,220
"E54000025",2022-12-08,142,88,230
"E54000025",2022-12-09,115,110,225
"E54000025",2022-12-10,112,67,179
"E54000025",2022-12-11,71,39,110
"E54000025",2022-12-12,81,80,161
"E54000025",2022-12-13,111,67,178
"E54000025",2022-12-14,126,77,203
"E54000025",2022-12-15,112,86,198
"E54000025",2022-12-16,141,90,231
"E54000025",2022-12-17,89,57,146
"E54000025",2022-12-18,74,41,115
"E54000025",2022-12-19,94,69,163
"E54000025",2022-12-20,123,59,182
"E54000025",2022-12-21,107,81,188
"E54000025",2022-12-22,136,108,244
"E54000025",2022-12-23,146,122,268
"E54000025",2022-12-24,112,114,226
"E54000025",2022-12-25,62,24,86
"E54000025",2022-12-26,53,36,89
"E54000025",2022-12-27,53,37,90
"E54000025",2022-12-28,81,59,140
"E54000025",2022-12-29,99,59,158
"E54000025",2022-12-30,119,72,191
"E54000025",2022-12-31,107,59,166
"E54000026",2022-12-01,254,17,271
"E54000026",2022-12-02,233,18,251
"E54000026",2022-12-03,183,8,191
"E54000026",2022-12-04,119,8,127
"E54000026",2022-12-05,211,13,224
"E54000026",2022-12-06,237,20,257
"E54000026",2022-12-07,248,17,265
"E54000026",2022-12-08,242,14,256
"E54000026",2022-12-09,228,16,244
"E54000026",2022-12-10,178,10,188
"E54000026",2022-12-11,130,13,143
"E54000026",2022-12-12,206,14,220
"E54000026",2022-12-13,220,16,236
"E54000026",2022-12-14,234,21,255
"E54000026",2022-12-15,247,20,267
"E54000026",2022-12-16,247,15,262
"E54000026",2022-12-17,161,12,173
"E54000026",2022-12-18,117,12,129
"E54000026",2022-12-19,220,16,236
"E54000026",2022-12-20,244,16,260
"E54000026",2022-12-21,254,19,273
"E54000026",2022-12-22,252,15,267
"E54000026",2022-12-23,263,19,282
"E54000026",2022-12-24,209,11,220
"E54000026",2022-12-25,97,0,97
"E54000026",2022-12-26,117,4,121
"E54000026",2022-12-27,139,12,151
"E54000026",2022-12-28,197,13,210
"E54000026",2022-12-29,246,16,262
"E54000026",2022-12-30,266,21,287
"E54000026",2022-12-31,171,15,186
"E54000027",2022-12-01,238,96,334
"E54000027",2022-12-02,248,132,380
"E54000027",2022-12-03,190,113,303
"E54000027",2022-12-04,148,60,208
"E54000027",2022-12-05,168,84,252
"E54000027",2022-12-06,187,106,293
"E54000027",2022-12-07,168,97,265
"E54000027",2022-12-08,155,92,247
"E54000027",2022-12-09,176,105,281
"E54000027",2022-12-10,150,91,241
"E54000027",2022-12-11,125,49,174
"E54000027",2022-12-12,146,92,238
"E54000027",2022-12-13,174,135,309
"E54000027",2022-12-14,256,104,360
"E54000027",2022-12-15,210,124,334
"E54000027",2022-12-16,202,131,333
"E54000027",2022-12-17,177,114,291
"E54000027",2022-12-18,117,38,155
"E54000027",2022-12-19,144,84,228
"E54000027",2022-12-20,250,155,405
"E54000027",2022-12-21,253,134,387
"E54000027",2022-12-22,240,150,390
"E54000027",2022-12-23,278,155,433
"E54000027",2022-12-24,259,102,361
"E54000027",2022-12-25,135,46,181
"E54000027",2022-12-26,103,61,164
"E54000027",2022-12-27,131,44,175
"E54000027",2022-12-28,159,78,237
"E54000027",2022-12-29,202,113,315
"E54000027",2022-12-30,225,145,370
"E54000027",2022-12-31,172,89,261
"E54000028",2022-12-01,169,155,324
"E54000028",2022-12-02,194,143,337
"E54000028",2022-12-03,154,131,285
"E54000028",2022-12-04,92,98,190
"E54000028",2022-12-05,92,73,165
"E54000028",2022-12-06,130,112,242
"E54000028",2022-12-07,182,123,305
"E54000028",2022-12-08,147,122,269
"E54000028",2022-12-09,180,127,307
"E54000028",2022-12-10,170,126,296
"E54000028",2022-12-11,105,80,185
"E54000028",2022-12-12,84,80,164
"E54000028",2022-12-13,113,89,202
"E54000028",2022-12-14,161,98,259
"E54000028",2022-12-15,162,113,275
"E54000028",2022-12-16,150,100,250
"E54000028",2022-12-17,154,111,265
"E54000028",2022-12-18,99,67,166
"E54000028",2022-12-19,142,128,270
"E54000028",2022-12-20,183,155,338
"E54000028",2022-12-21,186,157,343
"E54000028",2022-12-22,197,129,326
"E54000028",2022-12-23,189,164,353
"E54000028",2022-12-24,199,174,373
"E54000028",2022-12-25,141,135,276
"E54000028",2022-12-26,102,74,176
"E54000028",2022-12-27,95,78,173
"E54000028",2022-12-28,79,109,188
"E54000028",2022-12-29,126,124,250
"E54000028",2022-12-30,164,154,318
"E54000028",2022-12-31,152,117,269
"E54000029",2022-12-01,185,177,362
"E54000029",2022-12-02,170,182,352
"E54000029",2022-12-03,152,144,296
"E54000029",2022-12-04,112,68,180
"E54000029",2022-12-05,117,115,232
"E54000029",2022-12-06,186,170,356
"E54000029",2022-12-07,192,132,324
"E54000029",2022-12-08,183,183,366
"E54000029",2022-12-09,154,180,334
"E54000029",2022-12-10,134,162,296
"E54000029",2022-12-11,100,60,160
"E54000029",2022-12-12,133,110,243
"E54000029",2022-12-13,155,171,326
"E54000029",2022-12-14,152,158,310
"E54000029",2022-12-15,158,171,329
"E54000029",2022-12-16,192,166,358
"E54000029",2022-12-17,143,122,265
"E54000029",2022-12-18,105,77,182
"E54000029",2022-12-19,123,104,227
"E54000029",2022-12-20,183,175,358
"E54000029",2022-12-21,178,181,359
"E54000029",2022-12-22,210,189,399
"E54000029",2022-12-23,218,217,435
"E54000029",2022-12-24,156,191,347
"E54000029",2022-12-25,125,76,201
"E54000029",2022-12-26,104,74,178
"E54000029",2022-12-27,72,87,159
"E54000029",2022-12-28,109,96,205
"E54000029",2022-12-29,152,68,220
"E54000029",2022-12-30,190,162,352
"E54000029",2022-12-31,150,122,272
"E54000030",2022-12-01,218,125,343
"E54000030",2022-12-02,221,134,355
"E54000030",2022-12-03,98,45,143
"E54000030",2022-12-04,88,45,133
"E54000030",2022-12-05,131,173,304
"E54000030",2022-12-06,130,251,381
"E54000030",2022-12-07,181,141,322
"E54000030",2022-12-08,203,105,308
"E54000030",2022-12-09,193,125,318
"E54000030",2022-12-10,91,53,144
"E54000030",2022-12-11,81,37,118
"E54000030",2022-12-12,112,182,294
"E54000030",2022-12-13,173,117,290
"E54000030",2022-12-14,151,187,338
"E54000030",2022-12-15,132,213,345
"E54000030",2022-12-16,126,157,283
"E54000030",2022-12-17,116,71,187
"E54000030",2022-12-18,69,50,119
"E54000030",2022-12-19,132,155,287
"E54000030",2022-12-20,139,220,359
"E54000030",2022-12-21,149,221,370
"E54000030",2022-12-22,194,95,289
"E54000030",2022-12-23,142,216,358
"E54000030",2022-12-24,145,79,224
"E54000030",2022-12-25,89,29,118
"E54000030",2022-12-26,98,54,152
"E54000030",2022-12-27,103,42,145
"E54000030",2022-12-28,161,107,268
"E54000030",2022-12-29,184,111,295
"E54000030",2022-12-30,112,156,268
"E54000030",2022-12-31,121,68,189
"E54000031",2022-12-01,161,121,282
"E54000031",2022-12-02,131,136,267
"E54000031",2022-12-03,101,60,161
"E54000031",2022-12-04,58,36,94
"E54000031",2022-12-05,91,114,205
"E54000031",2022-12-06,133,102,235
"E54000031",2022-12-07,139,130,269
"E54000031",2022-12-08,165,109,274
"E54000031",2022-12-09,176,128,304
"E54000031",2022-12-10,99,62,161
"E54000031",2022-12-11,64,49,113
"E54000031",2022-12-12,95,86,181
"E54000031",2022-12-13,140,118,258
"E54000031",2022-12-14,142,122,264
"E54000031",2022-12-15,146,124,270
"E54000031",2022-12-16,151,133,284
"E54000031",2022-12-17,74,70,144
"E54000031",2022-12-18,45,39,84
"E54000031",2022-12-19,76,88,164
"E54000031",2022-12-20,143,108,251
"E54000031",2022-12-21,148,112,260
"E54000031",2022-12-22,146,109,255
"E54000031",2022-12-23,138,159,297
"E54000031",2022-12-24,135,81,216
"E54000031",2022-12-25,64,42,106
"E54000031",2022-12-26,49,44,93
"E54000031",2022-12-27,51,37,88
"E54000031",2022-12-28,85,88,173
"E54000031",2022-12-29,127,114,241
"E54000031",2022-12-30,135,130,265
"E54000031",2022-12-31,107,64,171
"E54000010",2022-12-01,118,48,166
"E54000010",2022-12-02,97,52,149
"E54000010",2022-12-03,91,38,129
"E54000010",2022-12-04,56,30,86
"E54000010",2022-12-05,58,39,97
"E54000010",2022-12-06,101,44,145
"E54000010",2022-12-07,100,40,140
"E54000010",2022-12-08,139,67,206
"E54000010",2022-12-09,108,56,164
"E54000010",2022-12-10,73,23,96
"E54000010",2022-12-11,63,15,78
"E54000010",2022-12-12,78,37,115
"E54000010",2022-12-13,80,50,130
"E54000010",2022-12-14,113,44,157
"E54000010",2022-12-15,111,36,147
"E54000010",2022-12-16,82,56,138
"E54000010",2022-12-17,80,27,107
"E54000010",2022-12-18,63,13,76
"E54000010",2022-12-19,75,60,135
"E54000010",2022-12-20,110,46,156
"E54000010",2022-12-21,121,57,178
"E54000010",2022-12-22,101,59,160
"E54000010",2022-12-23,116,63,179
"E54000010",2022-12-24,84,57,141
"E54000010",2022-12-25,47,14,61
"E54000010",2022-12-26,58,22,80
"E54000010",2022-12-27,49,24,73
"E54000010",2022-12-28,69,40,109
"E54000010",2022-12-29,106,31,137
"E54000010",2022-12-30,99,69,168
"E54000010",2022-12-31,90,41,131
"E54000011",2022-12-01,60,48,108
"E54000011",2022-12-02,57,46,103
"E54000011",2022-12-03,66,65,131
"E54000011",2022-12-04,29,16,45
"E54000011",2022-12-05,22,10,32
"E54000011",2022-12-06,43,47,90
"E54000011",2022-12-07,47,48,95
"E54000011",2022-12-08,63,44,107
"E54000011",2022-12-09,53,50,103
"E54000011",2022-12-10,63,52,115
"E54000011",2022-12-11,35,18,53
"E54000011",2022-12-12,17,14,31
"E54000011",2022-12-13,31,75,106
"E54000011",2022-12-14,54,43,97
"E54000011",2022-12-15,52,40,92
"E54000011",2022-12-16,61,51,112
"E54000011",2022-12-17,52,69,121
"E54000011",2022-12-18,31,43,74
"E54000011",2022-12-19,34,5,39
"E54000011",2022-12-20,30,52,82
"E54000011",2022-12-21,61,52,113
"E54000011",2022-12-22,61,65,126
"E54000011",2022-12-23,48,70,118
"E54000011",2022-12-24,78,89,167
"E54000011",2022-12-25,68,44,112
"E54000011",2022-12-26,34,10,44
"E54000011",2022-12-27,33,9,42
"E54000011",2022-12-28,42,9,51
"E54000011",2022-12-29,51,44,95
"E54000011",2022-12-30,60,48,108
"E54000011",2022-12-31,59,66,125
"E54000058",2022-12-01,221,90,311
"E54000058",2022-12-02,198,122,320
"E54000058",2022-12-03,155,48,203
"E54000058",2022-12-04,114,47,161
"E54000058",2022-12-05,142,109,251
"E54000058",2022-12-06,169,99,268
"E54000058",2022-12-07,180,92,272
"E54000058",2022-12-08,174,96,270
"E54000058",2022-12-09,219,97,316
"E54000058",2022-12-10,128,76,204
"E54000058",2022-12-11,107,38,145
"E54000058",2022-12-12,118,91,209
"E54000058",2022-12-13,168,111,279
"E54000058",2022-12-14,159,83,242
"E54000058",2022-12-15,191,102,293
"E54000058",2022-12-16,172,126,298
"E54000058",2022-12-17,132,57,189
"E54000058",2022-12-18,117,50,167
"E54000058",2022-12-19,122,103,225
"E54000058",2022-12-20,203,106,309
"E54000058",2022-12-21,194,125,319
"E54000058",2022-12-22,183,108,291
"E54000058",2022-12-23,248,114,362
"E54000058",2022-12-24,172,68,240
"E54000058",2022-12-25,88,21,109
"E54000058",2022-12-26,86,28,114
"E54000058",2022-12-27,82,41,123
"E54000058",2022-12-28,124,100,224
"E54000058",2022-12-29,174,104,278
"E54000058",2022-12-30,190,97,287
"E54000058",2022-12-31,135,62,197
"E54000013",2022-12-01,71,65,136
"E54000013",2022-12-02,52,46,98
"E54000013",2022-12-03,31,11,42
"E54000013",2022-12-04,17,10,27
"E54000013",2022-12-05,63,58,121
"E54000013",2022-12-06,81,67,148
"E54000013",2022-12-07,76,62,138
"E54000013",2022-12-08,57,50,107
"E54000013",2022-12-09,69,62,131
"E54000013",2022-12-10,25,13,38
"E54000013",2022-12-11,16,3,19
"E54000013",2022-12-12,61,77,138
"E54000013",2022-12-13,84,66,150
"E54000013",2022-12-14,55,44,99
"E54000013",2022-12-15,73,55,128
"E54000013",2022-12-16,58,47,105
"E54000013",2022-12-17,29,16,45
"E54000013",2022-12-18,14,18,32
"E54000013",2022-12-19,52,79,131
"E54000013",2022-12-20,92,78,170
"E54000013",2022-12-21,94,73,167
"E54000013",2022-12-22,85,57,142
"E54000013",2022-12-23,52,57,109
"E54000013",2022-12-24,34,22,56
"E54000013",2022-12-25,15,11,26
"E54000013",2022-12-26,21,20,41
"E54000013",2022-12-27,43,17,60
"E54000013",2022-12-28,67,66,133
"E54000013",2022-12-29,65,64,129
"E54000013",2022-12-30,52,40,92
"E54000013",2022-12-31,20,15,35
"E54000060",2022-12-01,180,117,297
"E54000060",2022-12-02,223,116,339
"E54000060",2022-12-03,199,147,346
"E54000060",2022-12-04,122,69,191
"E54000060",2022-12-05,86,50,136
"E54000060",2022-12-06,143,121,264
"E54000060",2022-12-07,212,121,333
"E54000060",2022-12-08,170,112,282
"E54000060",2022-12-09,191,126,317
"E54000060",2022-12-10,203,136,339
"E54000060",2022-12-11,130,70,200
"E54000060",2022-12-12,84,52,136
"E54000060",2022-12-13,169,123,292
"E54000060",2022-12-14,231,130,361
"E54000060",2022-12-15,200,144,344
"E54000060",2022-12-16,202,114,316
"E54000060",2022-12-17,180,155,335
"E54000060",2022-12-18,115,46,161
"E54000060",2022-12-19,77,48,125
"E54000060",2022-12-20,192,112,304
"E54000060",2022-12-21,205,127,332
"E54000060",2022-12-22,227,129,356
"E54000060",2022-12-23,211,152,363
"E54000060",2022-12-24,215,149,364
"E54000060",2022-12-25,154,84,238
"E54000060",2022-12-26,75,28,103
"E54000060",2022-12-27,63,37,100
"E54000060",2022-12-28,69,49,118
"E54000060",2022-12-29,138,103,241
"E54000060",2022-12-30,180,131,311
"E54000060",2022-12-31,192,144,336
"E54000015",2022-12-01,143,129,272
"E54000015",2022-12-02,134,136,270
"E54000015",2022-12-03,132,99,231
"E54000015",2022-12-04,89,54,143
"E54000015",2022-12-05,94,115,209
"E54000015",2022-12-06,138,136,274
"E54000015",2022-12-07,131,138,269
"E54000015",2022-12-08,129,124,253
"E54000015",2022-12-09,155,137,292
"E54000015",2022-12-10,108,78,186
"E54000015",2022-12-11,84,42,126
"E54000015",2022-12-12,109,142,251
"E54000015",2022-12-13,136,120,256
"E54000015",2022-12-14,145,111,256
"E54000015",2022-12-15,141,124,265
"E54000015",2022-12-16,128,120,248
"E54000015",2022-12-17,111,78,189
"E54000015",2022-12-18,85,48,133
"E54000015",2022-12-19,106,109,215
"E54000015",2022-12-20,150,119,269
"E54000015",2022-12-21,141,124,265
"E54000015",2022-12-22,149,131,280
"E54000015",2022-12-23,189,150,339
"E54000015",2022-12-24,121,116,237
"E54000015",2022-12-25,82,30,112
"E54000015",2022-12-26,98,65,163
"E54000015",2022-12-27,73,49,122
"E54000015",2022-12-28,95,111,206
"E54000015",2022-12-29,121,137,258
"E54000015",2022-12-30,135,132,267
"E54000015",2022-12-31,123,88,211
"E54000062",2022-12-01,205,106,311
"E54000062",2022-12-02,184,105,289
"E54000062",2022-12-03,157,73,230
"E54000062",2022-12-04,114,54,168
"E54000062",2022-12-05,125,50,175
"E54000062",2022-12-06,175,78,253
"E54000062",2022-12-07,218,97,315
"E54000062",2022-12-08,184,83,267
"E54000062",2022-12-09,160,90,250
"E54000062",2022-12-10,155,76,231
"E54000062",2022-12-11,125,50,175
"E54000062",2022-12-12,137,53,190
"E54000062",2022-12-13,139,80,219
"E54000062",2022-12-14,173,106,279
"E54000062",2022-12-15,170,102,272
"E54000062",2022-12-16,186,116,302
"E54000062",2022-12-17,172,83,255
"E54000062",2022-12-18,130,67,197
"E54000062",2022-12-19,151,73,224
"E54000062",2022-12-20,161,82,243
"E54000062",2022-12-21,194,134,328
"E54000062",2022-12-22,217,99,316
"E54000062",2022-12-23,186,96,282
"E54000062",2022-12-24,171,124,295
"E54000062",2022-12-25,146,75,221
"E54000062",2022-12-26,106,44,150
"E54000062",2022-12-27,66,57,123
"E54000062",2022-12-28,108,71,179
"E54000062",2022-12-29,135,107,242
"E54000062",2022-12-30,179,106,285
"E54000062",2022-12-31,119,66,185
"E54000055",2022-12-01,36,21,57
"E54000055",2022-12-02,32,16,48
"E54000055",2022-12-03,22,14,36
"E54000055",2022-12-04,15,8,23
"E54000055",2022-12-05,25,13,38
"E54000055",2022-12-06,23,21,44
"E54000055",2022-12-07,17,23,40
"E54000055",2022-12-08,27,17,44
"E54000055",2022-12-09,32,23,55
"E54000055",2022-12-10,17,8,25
"E54000055",2022-12-11,7,13,20
"E54000055",2022-12-12,15,20,35
"E54000055",2022-12-13,30,17,47
"E54000055",2022-12-14,31,16,47
"E54000055",2022-12-15,30,25,55
"E54000055",2022-12-16,27,24,51
"E54000055",2022-12-17,0,20,20
"E54000055",2022-12-18,32,5,37
"E54000055",2022-12-19,22,18,40
"E54000055",2022-12-20,36,20,56
"E54000055",2022-12-21,31,18,49
"E54000055",2022-12-22,33,16,49
"E54000055",2022-12-23,29,30,59
"E54000055",2022-12-24,21,14,35
"E54000055",2022-12-25,11,9,20
"E54000055",2022-12-26,15,19,34
"E54000055",2022-12-27,15,11,26
"E54000055",2022-12-28,18,15,33
"E54000055",2022-12-29,23,16,39
"E54000055",2022-12-30,24,28,52
"E54000055",2022-12-31,15,9,24
"E54000018",2022-12-01,104,67,171
"E54000018",2022-12-02,152,113,265
"E54000018",2022-12-03,103,79,182
"E54000018",2022-12-04,83,41,124
"E54000018",2022-12-05,74,75,149
"E54000018",2022-12-06,96,65,161
"E54000018",2022-12-07,108,83,191
"E54000018",2022-12-08,121,81,202
"E54000018",2022-12-09,147,96,243
"E54000018",2022-12-10,111,66,177
"E54000018",2022-12-11,96,36,132
"E54000018",2022-12-12,76,51,127
"E54000018",2022-12-13,118,107,225
"E54000018",2022-12-14,112,73,185
"E54000018",2022-12-15,124,67,191
"E54000018",2022-12-16,111,95,206
"E54000018",2022-12-17,105,60,165
"E54000018",2022-12-18,83,56,139
"E54000018",2022-12-19,51,56,107
"E54000018",2022-12-20,107,87,194
"E54000018",2022-12-21,102,104,206
"E54000018",2022-12-22,131,81,212
"E54000018",2022-12-23,138,101,239
"E54000018",2022-12-24,104,104,208
"E54000018",2022-12-25,67,54,121
"E54000018",2022-12-26,52,25,77
"E54000018",2022-12-27,27,40,67
"E54000018",2022-12-28,60,46,106
"E54000018",2022-12-29,117,83,200
"E54000018",2022-12-30,100,109,209
"E54000018",2022-12-31,111,62,173
"E54000019",2022-12-01,23,25,48
"E54000019",2022-12-02,26,28,54
"E54000019",2022-12-03,20,15,35
"E54000019",2022-12-04,22,9,31
"E54000019",2022-12-05,19,24,43
"E54000019",2022-12-06,34,25,59
"E54000019",2022-12-07,19,19,38
"E54000019",2022-12-08,21,26,47
"E54000019",2022-12-09,18,24,42
"E54000019",2022-12-10,18,14,32
"E54000019",2022-12-11,17,9,26
"E54000019",2022-12-12,23,20,43
"E54000019",2022-12-13,31,18,49
"E54000019",2022-12-14,19,19,38
"E54000019",2022-12-15,26,25,51
"E54000019",2022-12-16,29,28,57
"E54000019",2022-12-17,22,15,37
"E54000019",2022-12-18,13,11,24
"E54000019",2022-12-19,23,22,45
"E54000019",2022-12-20,26,28,54
"E54000019",2022-12-21,45,27,72
"E54000019",2022-12-22,34,28,62
"E54000019",2022-12-23,32,31,63
"E54000019",2022-12-24,24,28,52
"E54000019",2022-12-25,15,7,22
"E54000019",2022-12-26,9,16,25
"E54000019",2022-12-27,22,13,35
"E54000019",2022-12-28,17,14,31
"E54000019",2022-12-29,29,15,44
"E54000019",2022-12-30,21,31,52
"E54000019",2022-12-31,15,14,29
"E54000059",2022-12-01,94,38,132
"E54000059",2022-12-02,92,56,148
"E54000059",2022-12-03,92,64,156
"E54000059",2022-12-04,85,39,124
"E54000059",2022-12-05,46,16,62
"E54000059",2022-12-06,55,55,110
"E54000059",2022-12-07,81,62,143
"E54000059",2022-12-08,77,55,132
"E54000059",2022-12-09,94,74,168
"E54000059",2022-12-10,80,74,154
"E54000059",2022-12-11,71,61,132
"E54000059",2022-12-12,43,26,69
"E54000059",2022-12-13,59,59,118
"E54000059",2022-12-14,65,52,117
"E54000059",2022-12-15,92,64,156
"E54000059",2022-12-16,69,57,126
"E54000059",2022-12-17,81,55,136
"E54000059",2022-12-18,66,36,102
"E54000059",2022-12-19,41,22,63
"E54000059",2022-12-20,53,51,104
"E54000059",2022-12-21,80,62,142
"E54000059",2022-12-22,93,53,146
"E54000059",2022-12-23,103,69,172
"E54000059",2022-12-24,121,61,182
"E54000059",2022-12-25,99,47,146
"E54000059",2022-12-26,74,38,112
"E54000059",2022-12-27,74,35,109
"E54000059",2022-12-28,36,23,59
"E54000059",2022-12-29,60,59,119
"E54000059",2022-12-30,66,58,124
"E54000059",2022-12-31,66,59,125
"E54000061",2022-12-01,182,171,353
"E54000061",2022-12-02,202,167,369
"E54000061",2022-12-03,151,141,292
"E54000061",2022-12-04,136,94,230
"E54000061",2022-12-05,121,125,246
"E54000061",2022-12-06,140,179,319
"E54000061",2022-12-07,174,171,345
"E54000061",2022-12-08,162,160,322
"E54000061",2022-12-09,182,168,350
"E54000061",2022-12-10,139,149,288
"E54000061",2022-12-11,106,81,187
"E54000061",2022-12-12,127,101,228
"E54000061",2022-12-13,144,149,293
"E54000061",2022-12-14,167,157,324
"E54000061",2022-12-15,197,151,348
"E54000061",2022-12-16,171,161,332
"E54000061",2022-12-17,159,143,302
"E54000061",2022-12-18,143,88,231
"E54000061",2022-12-19,100,119,219
"E54000061",2022-12-20,141,154,295
"E54000061",2022-12-21,224,157,381
"E54000061",2022-12-22,171,157,328
"E54000061",2022-12-23,163,202,365
"E54000061",2022-12-24,84,38,122
"E54000061",2022-12-25,166,112,278
"E54000061",2022-12-26,98,80,178
"E54000061",2022-12-27,100,60,160
"E54000061",2022-12-28,136,103,239
"E54000061",2022-12-29,150,159,309
"E54000061",2022-12-30,170,177,347
"E54000061",2022-12-31,170,168,338
"E54000050",2022-12-01,341,298,639
"E54000050",2022-12-02,364,290,654
"E54000050",2022-12-03,306,301,607
"E54000050",2022-12-04,253,210,463
"E54000050",2022-12-05,240,253,493
"E54000050",2022-12-06,349,269,618
"E54000050",2022-12-07,372,313,685
"E54000050",2022-12-08,356,312,668
"E54000050",2022-12-09,400,274,674
"E54000050",2022-12-10,321,303,624
"E54000050",2022-12-11,256,211,467
"E54000050",2022-12-12,240,224,464
"E54000050",2022-12-13,308,293,601
"E54000050",2022-12-14,380,298,678
"E54000050",2022-12-15,355,289,644
"E54000050",2022-12-16,334,290,624
"E54000050",2022-12-17,306,286,592
"E54000050",2022-12-18,253,197,450
"E54000050",2022-12-19,279,268,547
"E54000050",2022-12-20,402,341,743
"E54000050",2022-12-21,412,376,788
"E54000050",2022-12-22,407,308,715
"E54000050",2022-12-23,441,338,779
"E54000050",2022-12-24,414,337,751
"E54000050",2022-12-25,286,193,479
"E54000050",2022-12-26,164,110,274
"E54000050",2022-12-27,217,158,375
"E54000050",2022-12-28,237,207,444
"E54000050",2022-12-29,345,301,646
"E54000050",2022-12-30,392,291,683
"E54000050",2022-12-31,315,262,577
"E54000051",2022-12-01,178,147,325
"E54000051",2022-12-02,251,132,383
"E54000051",2022-12-03,115,69,184
"E54000051",2022-12-04,98,41,139
"E54000051",2022-12-05,128,119,247
"E54000051",2022-12-06,179,145,324
"E54000051",2022-12-07,210,144,354
"E54000051",2022-12-08,205,136,341
"E54000051",2022-12-09,242,115,357
"E54000051",2022-12-10,118,70,188
"E54000051",2022-12-11,104,52,156
"E54000051",2022-12-12,132,114,246
"E54000051",2022-12-13,202,162,364
"E54000051",2022-12-14,195,110,305
"E54000051",2022-12-15,200,159,359
"E54000051",2022-12-16,174,133,307
"E54000051",2022-12-17,125,66,191
"E54000051",2022-12-18,105,38,143
"E54000051",2022-12-19,141,140,281
"E54000051",2022-12-20,196,164,360
"E54000051",2022-12-21,204,159,363
"E54000051",2022-12-22,184,149,333
"E54000051",2022-12-23,254,170,424
"E54000051",2022-12-24,121,80,201
"E54000051",2022-12-25,84,47,131
"E54000051",2022-12-26,51,46,97
"E54000051",2022-12-27,109,67,176
"E54000051",2022-12-28,157,114,271
"E54000051",2022-12-29,202,145,347
"E54000051",2022-12-30,208,133,341
"E54000051",2022-12-31,144,76,220
"E54000054",2022-12-01,356,249,605
"E54000054",2022-12-02,329,210,539
"E54000054",2022-12-03,309,170,479
"E54000054",2022-12-04,197,118,315
"E54000054",2022-12-05,221,148,369
"E54000054",2022-12-06,292,230,522
"E54000054",2022-12-07,282,215,497
"E54000054",2022-12-08,318,274,592
"E54000054",2022-12-09,309,217,526
"E54000054",2022-12-10,224,137,361
"E54000054",2022-12-11,141,80,221
"E54000054",2022-12-12,226,149,375
"E54000054",2022-12-13,256,222,478
"E54000054",2022-12-14,313,254,567
"E54000054",2022-12-15,299,201,500
"E54000054",2022-12-16,324,254,578
"E54000054",2022-12-17,243,172,415
"E54000054",2022-12-18,184,111,295
"E54000054",2022-12-19,227,150,377
"E54000054",2022-12-20,300,188,488
"E54000054",2022-12-21,291,232,523
"E54000054",2022-12-22,358,257,615
"E54000054",2022-12-23,371,264,635
"E54000054",2022-12-24,337,270,607
"E54000054",2022-12-25,218,170,388
"E54000054",2022-12-26,131,102,233
"E54000054",2022-12-27,159,107,266
"E54000054",2022-12-28,198,155,353
"E54000054",2022-12-29,266,196,462
"E54000054",2022-12-30,309,260,569
"E54000054",2022-12-31,292,194,486
"E54000057",2022-12-01,282,161,443
"E54000057",2022-12-02,239,178,417
"E54000057",2022-12-03,155,94,249
"E54000057",2022-12-04,138,54,192
"E54000057",2022-12-05,213,146,359
"E54000057",2022-12-06,259,154,413
"E54000057",2022-12-07,257,182,439
"E54000057",2022-12-08,272,178,450
"E54000057",2022-12-09,259,177,436
"E54000057",2022-12-10,153,73,226
"E54000057",2022-12-11,120,47,167
"E54000057",2022-12-12,202,152,354
"E54000057",2022-12-13,242,172,414
"E54000057",2022-12-14,212,145,357
"E54000057",2022-12-15,220,180,400
"E54000057",2022-12-16,233,187,420
"E54000057",2022-12-17,127,67,194
"E54000057",2022-12-18,126,70,196
"E54000057",2022-12-19,181,161,342
"E54000057",2022-12-20,245,156,401
"E54000057",2022-12-21,300,156,456
"E54000057",2022-12-22,270,161,431
"E54000057",2022-12-23,305,219,524
"E54000057",2022-12-24,177,123,300
"E54000057",2022-12-25,81,41,122
"E54000057",2022-12-26,112,69,181
"E54000057",2022-12-27,139,68,207
"E54000057",2022-12-28,192,122,314
"E54000057",2022-12-29,228,138,366
"E54000057",2022-12-30,248,175,423
"E54000057",2022-12-31,151,90,241
"E54000008",2022-12-01,239,133,372
"E54000008",2022-12-02,251,167,418
"E54000008",2022-12-03,141,74,215
"E54000008",2022-12-04,99,53,152
"E54000008",2022-12-05,217,150,367
"E54000008",2022-12-06,221,156,377
"E54000008",2022-12-07,187,172,359
"E54000008",2022-12-08,238,163,401
"E54000008",2022-12-09,229,199,428
"E54000008",2022-12-10,143,71,214
"E54000008",2022-12-11,121,60,181
"E54000008",2022-12-12,166,153,319
"E54000008",2022-12-13,227,133,360
"E54000008",2022-12-14,260,150,410
"E54000008",2022-12-15,257,149,406
"E54000008",2022-12-16,215,158,373
"E54000008",2022-12-17,147,67,214
"E54000008",2022-12-18,98,70,168
"E54000008",2022-12-19,198,158,356
"E54000008",2022-12-20,263,161,424
"E54000008",2022-12-21,241,179,420
"E54000008",2022-12-22,236,181,417
"E54000008",2022-12-23,314,229,543
"E54000008",2022-12-24,201,132,333
"E54000008",2022-12-25,108,68,176
"E54000008",2022-12-26,83,62,145
"E54000008",2022-12-27,86,72,158
"E54000008",2022-12-28,166,156,322
"E54000008",2022-12-29,212,149,361
"E54000008",2022-12-30,240,151,391
"E54000008",2022-12-31,150,109,259
"E54000048",2022-12-01,202,126,328
"E54000048",2022-12-02,204,179,383
"E54000048",2022-12-03,161,91,252
"E54000048",2022-12-04,107,61,168
"E54000048",2022-12-05,128,152,280
"E54000048",2022-12-06,193,140,333
"E54000048",2022-12-07,188,171,359
"E54000048",2022-12-08,184,150,334
"E54000048",2022-12-09,197,181,378
"E54000048",2022-12-10,148,109,257
"E54000048",2022-12-11,99,86,185
"E54000048",2022-12-12,118,129,247
"E54000048",2022-12-13,161,162,323
"E54000048",2022-12-14,175,139,314
"E54000048",2022-12-15,194,146,340
"E54000048",2022-12-16,181,160,341
"E54000048",2022-12-17,135,107,242
"E54000048",2022-12-18,93,79,172
"E54000048",2022-12-19,164,157,321
"E54000048",2022-12-20,177,201,378
"E54000048",2022-12-21,196,153,349
"E54000048",2022-12-22,219,168,387
"E54000048",2022-12-23,246,220,466
"E54000048",2022-12-24,157,146,303
"E54000048",2022-12-25,115,90,205
"E54000048",2022-12-26,96,54,150
"E54000048",2022-12-27,95,65,160
"E54000048",2022-12-28,138,119,257
"E54000048",2022-12-29,186,125,311
"E54000048",2022-12-30,218,179,397
"E54000048",2022-12-31,139,93,232
"E54000032",2022-12-01,188,121,309
"E54000032",2022-12-02,200,139,339
"E54000032",2022-12-03,132,60,192
"E54000032",2022-12-04,105,45,150
"E54000032",2022-12-05,142,129,271
"E54000032",2022-12-06,185,121,306
"E54000032",2022-12-07,191,129,320
"E54000032",2022-12-08,182,139,321
"E54000032",2022-12-09,186,145,331
"E54000032",2022-12-10,130,79,209
"E54000032",2022-12-11,111,39,150
"E54000032",2022-12-12,132,88,220
"E54000032",2022-12-13,171,147,318
"E54000032",2022-12-14,213,108,321
"E54000032",2022-12-15,172,127,299
"E54000032",2022-12-16,169,132,301
"E54000032",2022-12-17,135,79,214
"E54000032",2022-12-18,89,58,147
"E54000032",2022-12-19,160,116,276
"E54000032",2022-12-20,190,138,328
"E54000032",2022-12-21,208,123,331
"E54000032",2022-12-22,199,136,335
"E54000032",2022-12-23,212,172,384
"E54000032",2022-12-24,148,92,240
"E54000032",2022-12-25,73,29,102
"E54000032",2022-12-26,62,51,113
"E54000032",2022-12-27,78,69,147
"E54000032",2022-12-28,142,96,238
"E54000032",2022-12-29,224,104,328
"E54000032",2022-12-30,189,116,305
"E54000032",2022-12-31,129,75,204
"E54000034",2022-12-01,35,0,35
"E54000034",2022-12-02,36,0,36
"E54000034",2022-12-03,14,0,14
"E54000034",2022-12-04,6,0,6
"E54000034",2022-12-05,14,0,14
"E54000034",2022-12-06,38,0,38
"E54000034",2022-12-07,39,0,39
"E54000034",2022-12-08,29,0,29
"E54000034",2022-12-09,33,0,33
"E54000034",2022-12-10,29,0,29
"E54000034",2022-12-11,12,0,12
"E54000034",2022-12-12,21,0,21
"E54000034",2022-12-13,41,0,41
"E54000034",2022-12-14,39,0,39
"E54000034",2022-12-15,35,0,35
"E54000034",2022-12-16,40,0,40
"E54000034",2022-12-17,9,0,9
"E54000034",2022-12-18,4,0,4
"E54000034",2022-12-19,9,0,9
"E54000034",2022-12-20,13,0,13
"E54000034",2022-12-21,14,0,14
"E54000034",2022-12-22,11,0,11
"E54000034",2022-12-23,50,0,50
"E54000034",2022-12-24,50,0,50
"E54000034",2022-12-25,7,0,7
"E54000034",2022-12-26,7,0,7
"E54000034",2022-12-27,16,0,16
"E54000034",2022-12-28,18,0,18
"E54000034",2022-12-29,33,0,33
"E54000034",2022-12-30,50,0,50
"E54000034",2022-12-31,17,0,17
"E54000042",2022-12-01,384,199,583
"E54000042",2022-12-02,390,239,629
"E54000042",2022-12-03,254,83,337
"E54000042",2022-12-04,167,76,243
"E54000042",2022-12-05,327,160,487
"E54000042",2022-12-06,361,180,541
"E54000042",2022-12-07,377,196,573
"E54000042",2022-12-08,348,200,548
"E54000042",2022-12-09,369,253,622
"E54000042",2022-12-10,208,87,295
"E54000042",2022-12-11,136,49,185
"E54000042",2022-12-12,318,187,505
"E54000042",2022-12-13,360,196,556
"E54000042",2022-12-14,373,177,550
"E54000042",2022-12-15,335,169,504
"E54000042",2022-12-16,363,205,568
"E54000042",2022-12-17,196,103,299
"E54000042",2022-12-18,118,58,176
"E54000042",2022-12-19,286,197,483
"E54000042",2022-12-20,403,209,612
"E54000042",2022-12-21,415,195,610
"E54000042",2022-12-22,407,202,609
"E54000042",2022-12-23,485,197,682
"E54000042",2022-12-24,215,104,319
"E54000042",2022-12-25,91,41,132
"E54000042",2022-12-26,102,72,174
"E54000042",2022-12-27,113,78,191
"E54000042",2022-12-28,345,167,512
"E54000042",2022-12-29,362,202,564
"E54000042",2022-12-30,408,172,580
"E54000042",2022-12-31,165,115,280
"E54000044",2022-12-01,209,167,376
"E54000044",2022-12-02,219,143,362
"E54000044",2022-12-03,198,95,293
"E54000044",2022-12-04,122,55,177
"E54000044",2022-12-05,141,106,247
"E54000044",2022-12-06,197,117,314
"E54000044",2022-12-07,194,136,330
"E54000044",2022-12-08,175,164,339
"E54000044",2022-12-09,195,175,370
"E54000044",2022-12-10,137,104,241
"E54000044",2022-12-11,84,42,126
"E54000044",2022-12-12,158,108,266
"E54000044",2022-12-13,183,118,301
"E54000044",2022-12-14,188,147,335
"E54000044",2022-12-15,190,138,328
"E54000044",2022-12-16,205,140,345
"E54000044",2022-12-17,167,94,261
"E54000044",2022-12-18,103,64,167
"E54000044",2022-12-19,141,169,310
"E54000044",2022-12-20,185,139,324
"E54000044",2022-12-21,214,153,367
"E54000044",2022-12-22,178,161,339
"E54000044",2022-12-23,237,164,401
"E54000044",2022-12-24,206,115,321
"E54000044",2022-12-25,106,46,152
"E54000044",2022-12-26,122,78,200
"E54000044",2022-12-27,125,95,220
"E54000044",2022-12-28,131,101,232
"E54000044",2022-12-29,173,116,289
"E54000044",2022-12-30,221,132,353
"E54000044",2022-12-31,185,94,279
"E54000052",2022-12-01,130,74,204
"E54000052",2022-12-02,122,91,213
"E54000052",2022-12-03,133,61,194
"E54000052",2022-12-04,90,32,122
"E54000052",2022-12-05,84,48,132
"E54000052",2022-12-06,88,64,152
"E54000052",2022-12-07,106,78,184
"E54000052",2022-12-08,116,73,189
"E54000052",2022-12-09,98,71,169
"E54000052",2022-12-10,105,59,164
"E54000052",2022-12-11,88,24,112
"E54000052",2022-12-12,63,51,114
"E54000052",2022-12-13,91,60,151
"E54000052",2022-12-14,86,81,167
"E54000052",2022-12-15,86,70,156
"E54000052",2022-12-16,109,57,166
"E54000052",2022-12-17,114,51,165
"E54000052",2022-12-18,92,29,121
"E54000052",2022-12-19,65,45,110
"E54000052",2022-12-20,88,67,155
"E54000052",2022-12-21,97,62,159
"E54000052",2022-12-22,109,60,169
"E54000052",2022-12-23,112,80,192
"E54000052",2022-12-24,124,65,189
"E54000052",2022-12-25,88,40,128
"E54000052",2022-12-26,48,28,76
"E54000052",2022-12-27,54,29,83
"E54000052",2022-12-28,78,46,124
"E54000052",2022-12-29,96,56,152
"E54000052",2022-12-30,101,43,144
"E54000052",2022-12-31,88,54,142
"E54000053",2022-12-01,204,121,325
"E54000053",2022-12-02,200,164,364
"E54000053",2022-12-03,135,50,185
"E54000053",2022-12-04,93,37,130
"E54000053",2022-12-05,177,134,311
"E54000053",2022-12-06,195,142,337
"E54000053",2022-12-07,191,149,340
"E54000053",2022-12-08,199,140,339
"E54000053",2022-12-09,189,205,394
"E54000053",2022-12-10,163,43,206
"E54000053",2022-12-11,118,30,148
"E54000053",2022-12-12,158,102,260
"E54000053",2022-12-13,214,145,359
"E54000053",2022-12-14,237,149,386
"E54000053",2022-12-15,227,118,345
"E54000053",2022-12-16,204,153,357
"E54000053",2022-12-17,155,59,214
"E54000053",2022-12-18,80,39,119
"E54000053",2022-12-19,207,126,333
"E54000053",2022-12-20,185,146,331
"E54000053",2022-12-21,204,143,347
"E54000053",2022-12-22,207,130,337
"E54000053",2022-12-23,227,189,416
"E54000053",2022-12-24,193,94,287
"E54000053",2022-12-25,53,28,81
"E54000053",2022-12-26,67,42,109
"E54000053",2022-12-27,114,35,149
"E54000053",2022-12-28,130,123,253
"E54000053",2022-12-29,218,120,338
"E54000053",2022-12-30,238,153,391
"E54000053",2022-12-31,158,60,218
"E54000036",2022-12-01,58,56,114
"E54000036",2022-12-02,66,54,120
"E54000036",2022-12-03,51,16,67
"E54000036",2022-12-04,25,13,38
"E54000036",2022-12-05,48,34,82
"E54000036",2022-12-06,64,42,106
"E54000036",2022-12-07,64,38,102
"E54000036",2022-12-08,59,36,95
"E54000036",2022-12-09,69,59,128
"E54000036",2022-12-10,57,20,77
"E54000036",2022-12-11,22,20,42
"E54000036",2022-12-12,34,57,91
"E54000036",2022-12-13,43,55,98
"E54000036",2022-12-14,49,38,87
"E54000036",2022-12-15,49,45,94
"E54000036",2022-12-16,58,51,109
"E54000036",2022-12-17,34,23,57
"E54000036",2022-12-18,31,18,49
"E54000036",2022-12-19,46,41,87
"E54000036",2022-12-20,51,53,104
"E54000036",2022-12-21,51,25,76
"E54000036",2022-12-22,48,46,94
"E54000036",2022-12-23,54,63,117
"E54000036",2022-12-24,66,35,101
"E54000036",2022-12-25,21,7,28
"E54000036",2022-12-26,26,16,42
"E54000036",2022-12-27,30,19,49
"E54000036",2022-12-28,39,40,79
"E54000036",2022-12-29,50,37,87
"E54000036",2022-12-30,54,39,93
"E54000036",2022-12-31,29,31,60
"E54000037",2022-12-01,179,129,308
"E54000037",2022-12-02,224,131,355
"E54000037",2022-12-03,114,77,191
"E54000037",2022-12-04,106,52,158
"E54000037",2022-12-05,136,104,240
"E54000037",2022-12-06,203,108,311
"E54000037",2022-12-07,199,98,297
"E54000037",2022-12-08,175,108,283
"E54000037",2022-12-09,188,121,309
"E54000037",2022-12-10,113,65,178
"E54000037",2022-12-11,92,41,133
"E54000037",2022-12-12,129,100,229
"E54000037",2022-12-13,154,106,260
"E54000037",2022-12-14,150,106,256
"E54000037",2022-12-15,179,92,271
"E54000037",2022-12-16,149,79,228
"E54000037",2022-12-17,90,90,180
"E54000037",2022-12-18,98,38,136
"E54000037",2022-12-19,128,87,215
"E54000037",2022-12-20,151,112,263
"E54000037",2022-12-21,158,103,261
"E54000037",2022-12-22,165,113,278
"E54000037",2022-12-23,210,132,342
"E54000037",2022-12-24,166,135,301
"E54000037",2022-12-25,104,55,159
"E54000037",2022-12-26,84,38,122
"E54000037",2022-12-27,74,43,117
"E54000037",2022-12-28,105,83,188
"E54000037",2022-12-29,160,96,256
"E54000037",2022-12-30,197,113,310
"E54000037",2022-12-31,141,98,239
"E54000038",2022-12-01,102,34,136
"E54000038",2022-12-02,113,42,155
"E54000038",2022-12-03,65,32,97
"E54000038",2022-12-04,44,11,55
"E54000038",2022-12-05,64,25,89
"E54000038",2022-12-06,67,33,100
"E54000038",2022-12-07,85,24,109
"E54000038",2022-12-08,80,34,114
"E54000038",2022-12-09,76,31,107
"E54000038",2022-12-10,63,34,97
"E54000038",2022-12-11,47,17,64
"E54000038",2022-12-12,46,22,68
"E54000038",2022-12-13,98,42,140
"E54000038",2022-12-14,97,35,132
"E54000038",2022-12-15,85,30,115
"E54000038",2022-12-16,94,49,143
"E54000038",2022-12-17,60,32,92
"E54000038",2022-12-18,39,10,49
"E54000038",2022-12-19,74,25,99
"E54000038",2022-12-20,78,45,123
"E54000038",2022-12-21,79,47,126
"E54000038",2022-12-22,73,29,102
"E54000038",2022-12-23,87,36,123
"E54000038",2022-12-24,82,52,134
"E54000038",2022-12-25,37,6,43
"E54000038",2022-12-26,46,7,53
"E54000038",2022-12-27,36,6,42
"E54000038",2022-12-28,55,31,86
"E54000038",2022-12-29,99,37,136
"E54000038",2022-12-30,118,47,165
"E54000038",2022-12-31,71,41,112
"E54000039",2022-12-01,100,107,207
"E54000039",2022-12-02,137,121,258
"E54000039",2022-12-03,64,60,124
"E54000039",2022-12-04,38,45,83
"E54000039",2022-12-05,104,113,217
"E54000039",2022-12-06,103,111,214
"E54000039",2022-12-07,126,107,233
"E54000039",2022-12-08,118,98,216
"E54000039",2022-12-09,154,117,271
"E54000039",2022-12-10,52,55,107
"E54000039",2022-12-11,51,49,100
"E54000039",2022-12-12,90,88,178
"E54000039",2022-12-13,106,101,207
"E54000039",2022-12-14,121,104,225
"E54000039",2022-12-15,131,90,221
"E54000039",2022-12-16,137,94,231
"E54000039",2022-12-17,69,54,123
"E54000039",2022-12-18,40,45,85
"E54000039",2022-12-19,97,117,214
"E54000039",2022-12-20,152,88,240
"E54000039",2022-12-21,100,137,237
"E54000039",2022-12-22,135,107,242
"E54000039",2022-12-23,166,174,340
"E54000039",2022-12-24,99,85,184
"E54000039",2022-12-25,49,58,107
"E54000039",2022-12-26,30,36,66
"E54000039",2022-12-27,61,36,97
"E54000039",2022-12-28,92,80,172
"E54000039",2022-12-29,139,96,235
"E54000039",2022-12-30,145,110,255
"E54000039",2022-12-31,60,67,127
"E54000040",2022-12-01,174,92,266
"E54000040",2022-12-02,177,118,295
"E54000040",2022-12-03,169,86,255
"E54000040",2022-12-04,124,33,157
"E54000040",2022-12-05,103,70,173
"E54000040",2022-12-06,156,104,260
"E54000040",2022-12-07,136,115,251
"E54000040",2022-12-08,164,99,263
"E54000040",2022-12-09,159,109,268
"E54000040",2022-12-10,130,67,197
"E54000040",2022-12-11,77,36,113
"E54000040",2022-12-12,103,64,167
"E54000040",2022-12-13,144,84,228
"E54000040",2022-12-14,163,124,287
"E54000040",2022-12-15,144,89,233
"E54000040",2022-12-16,169,107,276
"E54000040",2022-12-17,103,56,159
"E54000040",2022-12-18,87,29,116
"E54000040",2022-12-19,100,52,152
"E54000040",2022-12-20,166,103,269
"E54000040",2022-12-21,165,107,272
"E54000040",2022-12-22,189,103,292
"E54000040",2022-12-23,186,122,308
"E54000040",2022-12-24,162,73,235
"E54000040",2022-12-25,80,35,115
"E54000040",2022-12-26,56,43,99
"E54000040",2022-12-27,72,38,110
"E54000040",2022-12-28,117,75,192
"E54000040",2022-12-29,126,96,222
"E54000040",2022-12-30,187,118,305
"E54000040",2022-12-31,141,83,224
"E54000041",2022-12-01,101,52,153
"E54000041",2022-12-02,111,66,177
"E54000041",2022-12-03,57,13,70
"E54000041",2022-12-04,29,28,57
"E54000041",2022-12-05,66,55,121
"E54000041",2022-12-06,116,47,163
"E54000041",2022-12-07,80,48,128
"E54000041",2022-12-08,116,38,154
"E54000041",2022-12-09,101,53,154
"E54000041",2022-12-10,49,28,77
"E54000041",2022-12-11,44,20,64
"E54000041",2022-12-12,76,52,128
"E54000041",2022-12-13,109,41,150
"E54000041",2022-12-14,110,37,147
"E54000041",2022-12-15,90,37,127
"E54000041",2022-12-16,95,53,148
"E54000041",2022-12-17,62,23,85
"E54000041",2022-12-18,35,18,53
"E54000041",2022-12-19,77,35,112
"E54000041",2022-12-20,95,42,137
"E54000041",2022-12-21,118,58,176
"E54000041",2022-12-22,118,46,164
"E54000041",2022-12-23,116,68,184
"E54000041",2022-12-24,75,41,116
"E54000041",2022-12-25,46,11,57
"E54000041",2022-12-26,26,20,46
"E54000041",2022-12-27,50,18,68
"E54000041",2022-12-28,68,40,108
"E54000041",2022-12-29,84,36,120
"E54000041",2022-12-30,109,55,164
"E54000041",2022-12-31,46,35,81
"E54000043",2022-12-01,53,41,94
"E54000043",2022-12-02,55,24,79
"E54000043",2022-12-03,38,17,55
"E54000043",2022-12-04,33,6,39
"E54000043",2022-12-05,35,30,65
"E54000043",2022-12-06,46,10,56
"E54000043",2022-12-07,53,26,79
"E54000043",2022-12-08,42,15,57
"E54000043",2022-12-09,54,24,78
"E54000043",2022-12-10,40,16,56
"E54000043",2022-12-11,22,7,29
"E54000043",2022-12-12,51,21,72
"E54000043",2022-12-13,50,17,67
"E54000043",2022-12-14,49,18,67
"E54000043",2022-12-15,56,31,87
"E54000043",2022-12-16,0,0,0
"E54000043",2022-12-17,34,15,49
"E54000043",2022-12-18,17,9,26
"E54000043",2022-12-19,41,21,62
"E54000043",2022-12-20,59,20,79
"E54000043",2022-12-21,55,30,85
"E54000043",2022-12-22,59,52,111
"E54000043",2022-12-23,51,44,95
"E54000043",2022-12-24,60,23,83
"E54000043",2022-12-25,29,6,35
"E54000043",2022-12-26,25,11,36
"E54000043",2022-12-27,30,8,38
"E54000043",2022-12-28,36,27,63
"E54000043",2022-12-29,39,25,64
"E54000043",2022-12-30,51,28,79
"E54000043",2022-12-31,33,15,48
"E54000056",2023-01-01,78,39,117
"E54000056",2023-01-02,73,39,112
"E54000056",2023-01-03,71,64,135
"E54000056",2023-01-04,105,96,201
"E54000056",2023-01-05,128,88,216
"E54000056",2023-01-06,150,104,254
"E54000056",2023-01-07,112,96,208
"E54000056",2023-01-08,66,46,112
"E54000056",2023-01-09,79,68,147
"E54000056",2023-01-10,103,89,192
"E54000056",2023-01-11,125,82,207
"E54000056",2023-01-12,134,85,219
"E54000056",2023-01-13,131,98,229
"E54000056",2023-01-14,117,71,188
"E54000056",2023-01-15,72,42,114
"E54000056",2023-01-16,68,51,119
"E54000056",2023-01-17,115,80,195
"E54000056",2023-01-18,123,73,196
"E54000056",2023-01-19,112,110,222
"E54000056",2023-01-20,135,86,221
"E54000056",2023-01-21,101,90,191
"E54000056",2023-01-22,74,46,120
"E54000056",2023-01-23,80,66,146
"E54000056",2023-01-24,119,89,208
"E54000056",2023-01-25,124,101,225
"E54000056",2023-01-26,130,78,208
"E54000056",2023-01-27,129,98,227
"E54000056",2023-01-28,111,88,199
"E54000056",2023-01-29,73,42,115
"E54000056",2023-01-30,92,66,158
"E54000056",2023-01-31,108,73,181
"E54000022",2023-01-01,108,61,169
"E54000022",2023-01-02,85,45,130
"E54000022",2023-01-03,88,62,150
"E54000022",2023-01-04,125,95,220
"E54000022",2023-01-05,169,110,279
"E54000022",2023-01-06,196,100,296
"E54000022",2023-01-07,134,77,211
"E54000022",2023-01-08,115,60,175
"E54000022",2023-01-09,119,45,164
"E54000022",2023-01-10,158,109,267
"E54000022",2023-01-11,178,73,251
"E54000022",2023-01-12,151,118,269
"E54000022",2023-01-13,186,95,281
"E54000022",2023-01-14,154,64,218
"E54000022",2023-01-15,125,47,172
"E54000022",2023-01-16,108,69,177
"E54000022",2023-01-17,174,88,262
"E54000022",2023-01-18,185,101,286
"E54000022",2023-01-19,168,91,259
"E54000022",2023-01-20,177,90,267
"E54000022",2023-01-21,130,71,201
"E54000022",2023-01-22,121,43,164
"E54000022",2023-01-23,128,65,193
"E54000022",2023-01-24,182,110,292
"E54000022",2023-01-25,152,111,263
"E54000022",2023-01-26,137,90,227
"E54000022",2023-01-27,174,111,285
"E54000022",2023-01-28,140,87,227
"E54000022",2023-01-29,108,66,174
"E54000022",2023-01-30,115,71,186
"E54000022",2023-01-31,148,112,260
"E54000023",2023-01-01,57,35,92
"E54000023",2023-01-02,104,62,166
"E54000023",2023-01-03,94,85,179
"E54000023",2023-01-04,138,87,225
"E54000023",2023-01-05,143,67,210
"E54000023",2023-01-06,136,73,209
"E54000023",2023-01-07,94,33,127
"E54000023",2023-01-08,66,34,100
"E54000023",2023-01-09,113,84,197
"E54000023",2023-01-10,132,77,209
"E54000023",2023-01-11,138,82,220
"E54000023",2023-01-12,164,94,258
"E54000023",2023-01-13,162,65,227
"E54000023",2023-01-14,76,50,126
"E54000023",2023-01-15,79,41,120
"E54000023",2023-01-16,119,82,201
"E54000023",2023-01-17,152,93,245
"E54000023",2023-01-18,137,58,195
"E54000023",2023-01-19,126,64,190
"E54000023",2023-01-20,138,73,211
"E54000023",2023-01-21,122,47,169
"E54000023",2023-01-22,58,28,86
"E54000023",2023-01-23,118,71,189
"E54000023",2023-01-24,141,81,222
"E54000023",2023-01-25,128,73,201
"E54000023",2023-01-26,146,90,236
"E54000023",2023-01-27,154,100,254
"E54000023",2023-01-28,104,61,165
"E54000023",2023-01-29,66,25,91
"E54000023",2023-01-30,107,92,199
"E54000023",2023-01-31,128,87,215
"E54000024",2023-01-01,52,22,74
"E54000024",2023-01-02,45,44,89
"E54000024",2023-01-03,122,70,192
"E54000024",2023-01-04,130,56,186
"E54000024",2023-01-05,145,58,203
"E54000024",2023-01-06,161,48,209
"E54000024",2023-01-07,53,40,93
"E54000024",2023-01-08,62,35,97
"E54000024",2023-01-09,117,53,170
"E54000024",2023-01-10,143,54,197
"E54000024",2023-01-11,122,95,217
"E54000024",2023-01-12,124,87,211
"E54000024",2023-01-13,140,61,201
"E54000024",2023-01-14,80,27,107
"E54000024",2023-01-15,68,36,104
"E54000024",2023-01-16,106,49,155
"E54000024",2023-01-17,145,48,193
"E54000024",2023-01-18,125,56,181
"E54000024",2023-01-19,146,72,218
"E54000024",2023-01-20,105,67,172
"E54000024",2023-01-21,84,37,121
"E54000024",2023-01-22,81,27,108
"E54000024",2023-01-23,100,56,156
"E54000024",2023-01-24,134,61,195
"E54000024",2023-01-25,140,45,185
"E54000024",2023-01-26,118,65,183
"E54000024",2023-01-27,134,44,178
"E54000024",2023-01-28,75,49,124
"E54000024",2023-01-29,54,26,80
"E54000024",2023-01-30,133,67,200
"E54000024",2023-01-31,141,59,200
"E54000025",2023-01-01,49,37,86
"E54000025",2023-01-02,62,59,121
"E54000025",2023-01-03,76,67,143
"E54000025",2023-01-04,131,92,223
"E54000025",2023-01-05,117,76,193
"E54000025",2023-01-06,148,111,259
"E54000025",2023-01-07,89,50,139
"E54000025",2023-01-08,59,21,80
"E54000025",2023-01-09,101,98,199
"E54000025",2023-01-10,123,75,198
"E54000025",2023-01-11,132,92,224
"E54000025",2023-01-12,115,87,202
"E54000025",2023-01-13,109,102,211
"E54000025",2023-01-14,97,46,143
"E54000025",2023-01-15,75,39,114
"E54000025",2023-01-16,92,73,165
"E54000025",2023-01-17,134,88,222
"E54000025",2023-01-18,137,92,229
"E54000025",2023-01-19,118,72,190
"E54000025",2023-01-20,120,95,215
"E54000025",2023-01-21,89,68,157
"E54000025",2023-01-22,70,39,109
"E54000025",2023-01-23,112,94,206
"E54000025",2023-01-24,117,75,192
"E54000025",2023-01-25,137,81,218
"E54000025",2023-01-26,118,84,202
"E54000025",2023-01-27,145,98,243
"E54000025",2023-01-28,96,51,147
"E54000025",2023-01-29,74,33,107
"E54000025",2023-01-30,99,74,173
"E54000025",2023-01-31,137,100,237
"E54000026",2023-01-01,157,13,170
"E54000026",2023-01-02,142,9,151
"E54000026",2023-01-03,173,13,186
"E54000026",2023-01-04,248,22,270
"E54000026",2023-01-05,247,18,265
"E54000026",2023-01-06,225,20,245
"E54000026",2023-01-07,148,11,159
"E54000026",2023-01-08,162,13,175
"E54000026",2023-01-09,222,18,240
"E54000026",2023-01-10,248,21,269
"E54000026",2023-01-11,241,22,263
"E54000026",2023-01-12,265,19,284
"E54000026",2023-01-13,271,17,288
"E54000026",2023-01-14,158,9,167
"E54000026",2023-01-15,138,10,148
"E54000026",2023-01-16,189,13,202
"E54000026",2023-01-17,237,21,258
"E54000026",2023-01-18,252,19,271
"E54000026",2023-01-19,246,16,262
"E54000026",2023-01-20,224,18,242
"E54000026",2023-01-21,192,17,209
"E54000026",2023-01-22,124,14,138
"E54000026",2023-01-23,193,15,208
"E54000026",2023-01-24,234,18,252
"E54000026",2023-01-25,247,22,269
"E54000026",2023-01-26,252,17,269
"E54000026",2023-01-27,261,17,278
"E54000026",2023-01-28,165,10,175
"E54000026",2023-01-29,134,5,139
"E54000026",2023-01-30,192,15,207
"E54000026",2023-01-31,242,23,265
"E54000027",2023-01-01,111,58,169
"E54000027",2023-01-02,115,66,181
"E54000027",2023-01-03,154,82,236
"E54000027",2023-01-04,178,127,305
"E54000027",2023-01-05,199,145,344
"E54000027",2023-01-06,231,168,399
"E54000027",2023-01-07,148,113,261
"E54000027",2023-01-08,141,40,181
"E54000027",2023-01-09,137,75,212
"E54000027",2023-01-10,236,114,350
"E54000027",2023-01-11,225,120,345
"E54000027",2023-01-12,222,116,338
"E54000027",2023-01-13,219,114,333
"E54000027",2023-01-14,209,94,303
"E54000027",2023-01-15,131,55,186
"E54000027",2023-01-16,168,68,236
"E54000027",2023-01-17,203,120,323
"E54000027",2023-01-18,186,143,329
"E54000027",2023-01-19,232,98,330
"E54000027",2023-01-20,223,129,352
"E54000027",2023-01-21,209,92,301
"E54000027",2023-01-22,132,46,178
"E54000027",2023-01-23,149,68,217
"E54000027",2023-01-24,222,106,328
"E54000027",2023-01-25,207,105,312
"E54000027",2023-01-26,248,116,364
"E54000027",2023-01-27,210,124,334
"E54000027",2023-01-28,202,93,295
"E54000027",2023-01-29,132,43,175
"E54000027",2023-01-30,168,66,234
"E54000027",2023-01-31,216,127,343
"E54000028",2023-01-01,94,94,188
"E54000028",2023-01-02,135,87,222
"E54000028",2023-01-03,95,88,183
"E54000028",2023-01-04,103,125,228
"E54000028",2023-01-05,152,129,281
"E54000028",2023-01-06,169,140,309
"E54000028",2023-01-07,178,127,305
"E54000028",2023-01-08,125,95,220
"E54000028",2023-01-09,128,97,225
"E54000028",2023-01-10,158,129,287
"E54000028",2023-01-11,183,120,303
"E54000028",2023-01-12,192,135,327
"E54000028",2023-01-13,197,148,345
"E54000028",2023-01-14,194,164,358
"E54000028",2023-01-15,124,83,207
"E54000028",2023-01-16,118,101,219
"E54000028",2023-01-17,155,126,281
"E54000028",2023-01-18,171,150,321
"E54000028",2023-01-19,173,146,319
"E54000028",2023-01-20,150,142,292
"E54000028",2023-01-21,159,160,319
"E54000028",2023-01-22,116,83,199
"E54000028",2023-01-23,99,94,193
"E54000028",2023-01-24,134,125,259
"E54000028",2023-01-25,191,130,321
"E54000028",2023-01-26,201,152,353
"E54000028",2023-01-27,201,143,344
"E54000028",2023-01-28,205,141,346
"E54000028",2023-01-29,126,91,217
"E54000028",2023-01-30,90,66,156
"E54000028",2023-01-31,119,88,207
"E54000029",2023-01-01,69,111,180
"E54000029",2023-01-02,85,59,144
"E54000029",2023-01-03,118,96,214
"E54000029",2023-01-04,141,161,302
"E54000029",2023-01-05,175,173,348
"E54000029",2023-01-06,189,189,378
"E54000029",2023-01-07,169,132,301
"E54000029",2023-01-08,128,82,210
"E54000029",2023-01-09,105,102,207
"E54000029",2023-01-10,157,161,318
"E54000029",2023-01-11,186,163,349
"E54000029",2023-01-12,176,154,330
"E54000029",2023-01-13,194,176,370
"E54000029",2023-01-14,155,127,282
"E54000029",2023-01-15,108,72,180
"E54000029",2023-01-16,114,107,221
"E54000029",2023-01-17,158,154,312
"E54000029",2023-01-18,171,158,329
"E54000029",2023-01-19,206,168,374
"E54000029",2023-01-20,189,149,338
"E54000029",2023-01-21,179,145,324
"E54000029",2023-01-22,112,78,190
"E54000029",2023-01-23,111,104,215
"E54000029",2023-01-24,164,159,323
"E54000029",2023-01-25,174,175,349
"E54000029",2023-01-26,178,139,317
"E54000029",2023-01-27,220,173,393
"E54000029",2023-01-28,157,134,291
"E54000029",2023-01-29,113,73,186
"E54000029",2023-01-30,107,107,214
"E54000029",2023-01-31,168,153,321
"E54000030",2023-01-01,96,53,149
"E54000030",2023-01-02,85,52,137
"E54000030",2023-01-03,153,87,240
"E54000030",2023-01-04,208,133,341
"E54000030",2023-01-05,204,127,331
"E54000030",2023-01-06,166,144,310
"E54000030",2023-01-07,103,52,155
"E54000030",2023-01-08,93,35,128
"E54000030",2023-01-09,144,137,281
"E54000030",2023-01-10,190,214,404
"E54000030",2023-01-11,152,188,340
"E54000030",2023-01-12,178,95,273
"E54000030",2023-01-13,180,103,283
"E54000030",2023-01-14,87,47,134
"E54000030",2023-01-15,62,77,139
"E54000030",2023-01-16,150,118,268
"E54000030",2023-01-17,182,148,330
"E54000030",2023-01-18,209,128,337
"E54000030",2023-01-19,168,130,298
"E54000030",2023-01-20,172,119,291
"E54000030",2023-01-21,115,59,174
"E54000030",2023-01-22,83,64,147
"E54000030",2023-01-23,111,145,256
"E54000030",2023-01-24,168,110,278
"E54000030",2023-01-25,168,83,251
"E54000030",2023-01-26,170,116,286
"E54000030",2023-01-27,184,130,314
"E54000030",2023-01-28,100,67,167
"E54000030",2023-01-29,94,42,136
"E54000030",2023-01-30,136,113,249
"E54000030",2023-01-31,186,130,316
"E54000031",2023-01-01,54,52,106
"E54000031",2023-01-02,57,49,106
"E54000031",2023-01-03,75,86,161
"E54000031",2023-01-04,139,109,248
"E54000031",2023-01-05,144,127,271
"E54000031",2023-01-06,156,139,295
"E54000031",2023-01-07,85,70,155
"E54000031",2023-01-08,68,48,116
"E54000031",2023-01-09,80,112,192
"E54000031",2023-01-10,148,104,252
"E54000031",2023-01-11,172,103,275
"E54000031",2023-01-12,149,124,273
"E54000031",2023-01-13,142,156,298
"E54000031",2023-01-14,86,51,137
"E54000031",2023-01-15,66,28,94
"E54000031",2023-01-16,82,124,206
"E54000031",2023-01-17,154,118,272
"E54000031",2023-01-18,121,95,216
"E54000031",2023-01-19,136,99,235
"E54000031",2023-01-20,141,134,275
"E54000031",2023-01-21,93,71,164
"E54000031",2023-01-22,67,44,111
"E54000031",2023-01-23,106,90,196
"E54000031",2023-01-24,129,87,216
"E54000031",2023-01-25,146,100,246
"E54000031",2023-01-26,165,116,281
"E54000031",2023-01-27,147,159,306
"E54000031",2023-01-28,118,57,175
"E54000031",2023-01-29,75,35,110
"E54000031",2023-01-30,94,86,180
"E54000031",2023-01-31,114,115,229
"E54000010",2023-01-01,45,34,79
"E54000010",2023-01-02,73,37,110
"E54000010",2023-01-03,79,44,123
"E54000010",2023-01-04,104,56,160
"E54000010",2023-01-05,106,62,168
"E54000010",2023-01-06,105,52,157
"E54000010",2023-01-07,107,25,132
"E54000010",2023-01-08,73,17,90
"E54000010",2023-01-09,79,59,138
"E54000010",2023-01-10,107,60,167
"E54000010",2023-01-11,113,49,162
"E54000010",2023-01-12,104,57,161
"E54000010",2023-01-13,96,44,140
"E54000010",2023-01-14,103,41,144
"E54000010",2023-01-15,56,23,79
"E54000010",2023-01-16,106,47,153
"E54000010",2023-01-17,125,65,190
"E54000010",2023-01-18,95,44,139
"E54000010",2023-01-19,122,53,175
"E54000010",2023-01-20,108,58,166
"E54000010",2023-01-21,62,43,105
"E54000010",2023-01-22,61,28,89
"E54000010",2023-01-23,70,50,120
"E54000010",2023-01-24,115,52,167
"E54000010",2023-01-25,110,53,163
"E54000010",2023-01-26,101,31,132
"E54000010",2023-01-27,99,43,142
"E54000010",2023-01-28,65,40,105
"E54000010",2023-01-29,53,24,77
"E54000010",2023-01-30,74,41,115
"E54000010",2023-01-31,98,52,150
"E54000011",2023-01-01,43,28,71
"E54000011",2023-01-02,33,26,59
"E54000011",2023-01-03,41,36,77
"E54000011",2023-01-04,44,48,92
"E54000011",2023-01-05,45,55,100
"E54000011",2023-01-06,55,71,126
"E54000011",2023-01-07,57,60,117
"E54000011",2023-01-08,41,41,82
"E54000011",2023-01-09,29,29,58
"E54000011",2023-01-10,33,66,99
"E54000011",2023-01-11,65,45,110
"E54000011",2023-01-12,72,62,134
"E54000011",2023-01-13,57,47,104
"E54000011",2023-01-14,64,67,131
"E54000011",2023-01-15,38,34,72
"E54000011",2023-01-16,30,10,40
"E54000011",2023-01-17,64,33,97
"E54000011",2023-01-18,60,47,107
"E54000011",2023-01-19,57,64,121
"E54000011",2023-01-20,74,45,119
"E54000011",2023-01-21,79,68,147
"E54000011",2023-01-22,44,30,74
"E54000011",2023-01-23,54,13,67
"E54000011",2023-01-24,42,54,96
"E54000011",2023-01-25,70,50,120
"E54000011",2023-01-26,69,40,109
"E54000011",2023-01-27,63,57,120
"E54000011",2023-01-28,75,48,123
"E54000011",2023-01-29,40,26,66
"E54000011",2023-01-30,39,20,59
"E54000011",2023-01-31,55,50,105
"E54000058",2023-01-01,84,72,156
"E54000058",2023-01-02,89,39,128
"E54000058",2023-01-03,155,109,264
"E54000058",2023-01-04,181,111,292
"E54000058",2023-01-05,156,105,261
"E54000058",2023-01-06,222,126,348
"E54000058",2023-01-07,135,52,187
"E54000058",2023-01-08,104,48,152
"E54000058",2023-01-09,154,126,280
"E54000058",2023-01-10,198,107,305
"E54000058",2023-01-11,205,96,301
"E54000058",2023-01-12,192,129,321
"E54000058",2023-01-13,203,122,325
"E54000058",2023-01-14,136,64,200
"E54000058",2023-01-15,132,41,173
"E54000058",2023-01-16,158,96,254
"E54000058",2023-01-17,179,104,283
"E54000058",2023-01-18,204,103,307
"E54000058",2023-01-19,178,104,282
"E54000058",2023-01-20,185,118,303
"E54000058",2023-01-21,157,60,217
"E54000058",2023-01-22,93,38,131
"E54000058",2023-01-23,174,100,274
"E54000058",2023-01-24,181,107,288
"E54000058",2023-01-25,186,114,300
"E54000058",2023-01-26,201,99,300
"E54000058",2023-01-27,192,87,279
"E54000058",2023-01-28,176,46,222
"E54000058",2023-01-29,110,37,147
"E54000058",2023-01-30,146,105,251
"E54000058",2023-01-31,164,105,269
"E54000013",2023-01-01,14,7,21
"E54000013",2023-01-02,42,10,52
"E54000013",2023-01-03,49,64,113
"E54000013",2023-01-04,80,64,144
"E54000013",2023-01-05,65,49,114
"E54000013",2023-01-06,61,34,95
"E54000013",2023-01-07,35,17,52
"E54000013",2023-01-08,12,7,19
"E54000013",2023-01-09,56,63,119
"E54000013",2023-01-10,79,62,141
"E54000013",2023-01-11,81,59,140
"E54000013",2023-01-12,73,47,120
"E54000013",2023-01-13,57,30,87
"E54000013",2023-01-14,35,23,58
"E54000013",2023-01-15,23,16,39
"E54000013",2023-01-16,69,55,124
"E54000013",2023-01-17,100,60,160
"E54000013",2023-01-18,76,66,142
"E54000013",2023-01-19,63,52,115
"E54000013",2023-01-20,82,49,131
"E54000013",2023-01-21,40,12,52
"E54000013",2023-01-22,26,8,34
"E54000013",2023-01-23,56,61,117
"E54000013",2023-01-24,81,60,141
"E54000013",2023-01-25,74,61,135
"E54000013",2023-01-26,65,57,122
"E54000013",2023-01-27,40,40,80
"E54000013",2023-01-28,29,20,49
"E54000013",2023-01-29,17,5,22
"E54000013",2023-01-30,63,72,135
"E54000013",2023-01-31,87,63,150
"E54000060",2023-01-01,110,61,171
"E54000060",2023-01-02,87,42,129
"E54000060",2023-01-03,75,57,132
"E54000060",2023-01-04,134,93,227
"E54000060",2023-01-05,198,112,310
"E54000060",2023-01-06,214,113,327
"E54000060",2023-01-07,185,133,318
"E54000060",2023-01-08,100,53,153
"E54000060",2023-01-09,97,57,154
"E54000060",2023-01-10,147,119,266
"E54000060",2023-01-11,203,146,349
"E54000060",2023-01-12,185,135,320
"E54000060",2023-01-13,198,83,281
"E54000060",2023-01-14,214,146,360
"E54000060",2023-01-15,114,53,167
"E54000060",2023-01-16,83,43,126
"E54000060",2023-01-17,135,108,243
"E54000060",2023-01-18,182,148,330
"E54000060",2023-01-19,189,127,316
"E54000060",2023-01-20,244,90,334
"E54000060",2023-01-21,200,122,322
"E54000060",2023-01-22,126,74,200
"E54000060",2023-01-23,81,64,145
"E54000060",2023-01-24,168,130,298
"E54000060",2023-01-25,225,114,339
"E54000060",2023-01-26,195,118,313
"E54000060",2023-01-27,206,103,309
"E54000060",2023-01-28,210,114,324
"E54000060",2023-01-29,126,56,182
"E54000060",2023-01-30,88,43,131
"E54000060",2023-01-31,172,100,272
"E54000015",2023-01-01,87,42,129
"E54000015",2023-01-02,85,43,128
"E54000015",2023-01-03,92,116,208
"E54000015",2023-01-04,108,132,240
"E54000015",2023-01-05,147,118,265
"E54000015",2023-01-06,155,112,267
"E54000015",2023-01-07,117,79,196
"E54000015",2023-01-08,69,56,125
"E54000015",2023-01-09,102,123,225
"E54000015",2023-01-10,118,116,234
"E54000015",2023-01-11,147,148,295
"E54000015",2023-01-12,127,147,274
"E54000015",2023-01-13,138,145,283
"E54000015",2023-01-14,117,75,192
"E54000015",2023-01-15,88,42,130
"E54000015",2023-01-16,116,135,251
"E54000015",2023-01-17,138,134,272
"E54000015",2023-01-18,136,108,244
"E54000015",2023-01-19,141,147,288
"E54000015",2023-01-20,172,137,309
"E54000015",2023-01-21,111,98,209
"E54000015",2023-01-22,75,38,113
"E54000015",2023-01-23,101,133,234
"E54000015",2023-01-24,147,124,271
"E54000015",2023-01-25,138,106,244
"E54000015",2023-01-26,135,118,253
"E54000015",2023-01-27,138,157,295
"E54000015",2023-01-28,107,91,198
"E54000015",2023-01-29,99,54,153
"E54000015",2023-01-30,94,126,220
"E54000015",2023-01-31,135,127,262
"E54000062",2023-01-01,131,70,201
"E54000062",2023-01-02,117,55,172
"E54000062",2023-01-03,118,74,192
"E54000062",2023-01-04,154,110,264
"E54000062",2023-01-05,231,96,327
"E54000062",2023-01-06,177,140,317
"E54000062",2023-01-07,170,103,273
"E54000062",2023-01-08,114,66,180
"E54000062",2023-01-09,141,84,225
"E54000062",2023-01-10,183,124,307
"E54000062",2023-01-11,193,91,284
"E54000062",2023-01-12,198,120,318
"E54000062",2023-01-13,178,122,300
"E54000062",2023-01-14,149,86,235
"E54000062",2023-01-15,130,66,196
"E54000062",2023-01-16,125,65,190
"E54000062",2023-01-17,176,116,292
"E54000062",2023-01-18,194,97,291
"E54000062",2023-01-19,161,125,286
"E54000062",2023-01-20,173,89,262
"E54000062",2023-01-21,147,97,244
"E54000062",2023-01-22,135,70,205
"E54000062",2023-01-23,144,58,202
"E54000062",2023-01-24,162,112,274
"E54000062",2023-01-25,163,95,258
"E54000062",2023-01-26,183,94,277
"E54000062",2023-01-27,162,107,269
"E54000062",2023-01-28,143,109,252
"E54000062",2023-01-29,117,65,182
"E54000062",2023-01-30,140,62,202
"E54000062",2023-01-31,142,99,241
"E54000055",2023-01-01,13,13,26
"E54000055",2023-01-02,11,17,28
"E54000055",2023-01-03,14,17,31
"E54000055",2023-01-04,26,16,42
"E54000055",2023-01-05,35,18,53
"E54000055",2023-01-06,35,18,53
"E54000055",2023-01-07,15,10,25
"E54000055",2023-01-08,17,11,28
"E54000055",2023-01-09,18,23,41
"E54000055",2023-01-10,21,14,35
"E54000055",2023-01-11,32,13,45
"E54000055",2023-01-12,27,22,49
"E54000055",2023-01-13,36,23,59
"E54000055",2023-01-14,21,12,33
"E54000055",2023-01-15,0,0,0
"E54000055",2023-01-16,23,14,37
"E54000055",2023-01-17,30,25,55
"E54000055",2023-01-18,30,29,59
"E54000055",2023-01-19,27,32,59
"E54000055",2023-01-20,26,21,47
"E54000055",2023-01-21,17,13,30
"E54000055",2023-01-22,31,11,42
"E54000055",2023-01-23,17,21,38
"E54000055",2023-01-24,22,32,54
"E54000055",2023-01-25,24,25,49
"E54000055",2023-01-26,20,20,40
"E54000055",2023-01-27,27,26,53
"E54000055",2023-01-28,21,12,33
"E54000055",2023-01-29,16,10,26
"E54000055",2023-01-30,12,23,35
"E54000055",2023-01-31,30,31,61
"E54000018",2023-01-01,71,60,131
"E54000018",2023-01-02,60,44,104
"E54000018",2023-01-03,63,67,130
"E54000018",2023-01-04,90,78,168
"E54000018",2023-01-05,131,78,209
"E54000018",2023-01-06,121,113,234
"E54000018",2023-01-07,108,63,171
"E54000018",2023-01-08,76,53,129
"E54000018",2023-01-09,66,61,127
"E54000018",2023-01-10,86,92,178
"E54000018",2023-01-11,121,85,206
"E54000018",2023-01-12,146,77,223
"E54000018",2023-01-13,106,105,211
"E54000018",2023-01-14,104,60,164
"E54000018",2023-01-15,79,50,129
"E54000018",2023-01-16,68,55,123
"E54000018",2023-01-17,81,77,158
"E54000018",2023-01-18,121,71,192
"E54000018",2023-01-19,123,85,208
"E54000018",2023-01-20,131,77,208
"E54000018",2023-01-21,108,71,179
"E54000018",2023-01-22,80,50,130
"E54000018",2023-01-23,81,53,134
"E54000018",2023-01-24,98,82,180
"E54000018",2023-01-25,111,85,196
"E54000018",2023-01-26,114,84,198
"E54000018",2023-01-27,121,81,202
"E54000018",2023-01-28,91,76,167
"E54000018",2023-01-29,87,48,135
"E54000018",2023-01-30,68,57,125
"E54000018",2023-01-31,104,60,164
"E54000019",2023-01-01,15,15,30
"E54000019",2023-01-02,9,15,24
"E54000019",2023-01-03,19,25,44
"E54000019",2023-01-04,29,15,44
"E54000019",2023-01-05,34,20,54
"E54000019",2023-01-06,24,24,48
"E54000019",2023-01-07,18,12,30
"E54000019",2023-01-08,21,10,31
"E54000019",2023-01-09,30,32,62
"E54000019",2023-01-10,32,25,57
"E54000019",2023-01-11,39,20,59
"E54000019",2023-01-12,28,20,48
"E54000019",2023-01-13,28,36,64
"E54000019",2023-01-14,21,22,43
"E54000019",2023-01-15,11,12,23
"E54000019",2023-01-16,24,26,50
"E54000019",2023-01-17,32,31,63
"E54000019",2023-01-18,24,24,48
"E54000019",2023-01-19,18,26,44
"E54000019",2023-01-20,42,33,75
"E54000019",2023-01-21,27,13,40
"E54000019",2023-01-22,15,3,18
"E54000019",2023-01-23,30,26,56
"E54000019",2023-01-24,32,20,52
"E54000019",2023-01-25,32,22,54
"E54000019",2023-01-26,47,23,70
"E54000019",2023-01-27,39,24,63
"E54000019",2023-01-28,30,13,43
"E54000019",2023-01-29,19,8,27
"E54000019",2023-01-30,25,24,49
"E54000019",2023-01-31,28,18,46
"E54000059",2023-01-01,53,51,104
"E54000059",2023-01-02,51,51,102
"E54000059",2023-01-03,60,23,83
"E54000059",2023-01-04,47,69,116
"E54000059",2023-01-05,53,58,111
"E54000059",2023-01-06,93,52,145
"E54000059",2023-01-07,81,59,140
"E54000059",2023-01-08,71,48,119
"E54000059",2023-01-09,39,26,65
"E54000059",2023-01-10,53,45,98
"E54000059",2023-01-11,72,49,121
"E54000059",2023-01-12,95,57,152
"E54000059",2023-01-13,111,60,171
"E54000059",2023-01-14,99,62,161
"E54000059",2023-01-15,82,43,125
"E54000059",2023-01-16,40,26,66
"E54000059",2023-01-17,69,52,121
"E54000059",2023-01-18,80,51,131
"E54000059",2023-01-19,79,66,145
"E54000059",2023-01-20,81,61,142
"E54000059",2023-01-21,94,63,157
"E54000059",2023-01-22,74,40,114
"E54000059",2023-01-23,55,27,82
"E54000059",2023-01-24,59,47,106
"E54000059",2023-01-25,89,60,149
"E54000059",2023-01-26,87,49,136
"E54000059",2023-01-27,89,67,156
"E54000059",2023-01-28,82,71,153
"E54000059",2023-01-29,70,62,132
"E54000059",2023-01-30,44,36,80
"E54000059",2023-01-31,43,36,79
"E54000061",2023-01-01,152,114,266
"E54000061",2023-01-02,90,99,189
"E54000061",2023-01-03,116,157,273
"E54000061",2023-01-04,177,162,339
"E54000061",2023-01-05,184,169,353
"E54000061",2023-01-06,213,181,394
"E54000061",2023-01-07,173,150,323
"E54000061",2023-01-08,122,90,212
"E54000061",2023-01-09,146,124,270
"E54000061",2023-01-10,163,177,340
"E54000061",2023-01-11,178,186,364
"E54000061",2023-01-12,194,159,353
"E54000061",2023-01-13,175,186,361
"E54000061",2023-01-14,198,138,336
"E54000061",2023-01-15,142,86,228
"E54000061",2023-01-16,123,118,241
"E54000061",2023-01-17,168,180,348
"E54000061",2023-01-18,169,175,344
"E54000061",2023-01-19,179,193,372
"E54000061",2023-01-20,166,198,364
"E54000061",2023-01-21,187,156,343
"E54000061",2023-01-22,147,92,239
"E54000061",2023-01-23,130,119,249
"E54000061",2023-01-24,171,146,317
"E54000061",2023-01-25,209,165,374
"E54000061",2023-01-26,203,190,393
"E54000061",2023-01-27,204,172,376
"E54000061",2023-01-28,183,162,345
"E54000061",2023-01-29,161,96,257
"E54000061",2023-01-30,151,129,280
"E54000061",2023-01-31,163,161,324
"E54000050",2023-01-01,255,183,438
"E54000050",2023-01-02,206,176,382
"E54000050",2023-01-03,234,265,499
"E54000050",2023-01-04,340,329,669
"E54000050",2023-01-05,373,301,674
"E54000050",2023-01-06,385,309,694
"E54000050",2023-01-07,280,263,543
"E54000050",2023-01-08,223,190,413
"E54000050",2023-01-09,261,266,527
"E54000050",2023-01-10,390,325,715
"E54000050",2023-01-11,366,317,683
"E54000050",2023-01-12,384,331,715
"E54000050",2023-01-13,389,275,664
"E54000050",2023-01-14,300,262,562
"E54000050",2023-01-15,254,212,466
"E54000050",2023-01-16,299,248,547
"E54000050",2023-01-17,376,342,718
"E54000050",2023-01-18,351,326,677
"E54000050",2023-01-19,402,278,680
"E54000050",2023-01-20,404,295,699
"E54000050",2023-01-21,327,274,601
"E54000050",2023-01-22,265,187,452
"E54000050",2023-01-23,269,228,497
"E54000050",2023-01-24,380,327,707
"E54000050",2023-01-25,389,308,697
"E54000050",2023-01-26,403,317,720
"E54000050",2023-01-27,400,351,751
"E54000050",2023-01-28,315,270,585
"E54000050",2023-01-29,261,236,497
"E54000050",2023-01-30,302,227,529
"E54000050",2023-01-31,384,336,720
"E54000051",2023-01-01,100,46,146
"E54000051",2023-01-02,67,58,125
"E54000051",2023-01-03,147,111,258
"E54000051",2023-01-04,179,127,306
"E54000051",2023-01-05,191,134,325
"E54000051",2023-01-06,220,143,363
"E54000051",2023-01-07,139,64,203
"E54000051",2023-01-08,94,54,148
"E54000051",2023-01-09,163,165,328
"E54000051",2023-01-10,183,142,325
"E54000051",2023-01-11,186,156,342
"E54000051",2023-01-12,197,146,343
"E54000051",2023-01-13,202,158,360
"E54000051",2023-01-14,136,84,220
"E54000051",2023-01-15,93,60,153
"E54000051",2023-01-16,147,131,278
"E54000051",2023-01-17,160,152,312
"E54000051",2023-01-18,164,171,335
"E54000051",2023-01-19,172,147,319
"E54000051",2023-01-20,164,186,350
"E54000051",2023-01-21,106,106,212
"E54000051",2023-01-22,93,58,151
"E54000051",2023-01-23,155,144,299
"E54000051",2023-01-24,202,132,334
"E54000051",2023-01-25,195,129,324
"E54000051",2023-01-26,192,143,335
"E54000051",2023-01-27,194,140,334
"E54000051",2023-01-28,113,55,168
"E54000051",2023-01-29,92,68,160
"E54000051",2023-01-30,138,165,303
"E54000051",2023-01-31,192,115,307
"E54000054",2023-01-01,207,140,347
"E54000054",2023-01-02,165,100,265
"E54000054",2023-01-03,201,181,382
"E54000054",2023-01-04,297,221,518
"E54000054",2023-01-05,280,241,521
"E54000054",2023-01-06,271,296,567
"E54000054",2023-01-07,249,213,462
"E54000054",2023-01-08,226,144,370
"E54000054",2023-01-09,226,176,402
"E54000054",2023-01-10,273,214,487
"E54000054",2023-01-11,310,227,537
"E54000054",2023-01-12,299,243,542
"E54000054",2023-01-13,326,240,566
"E54000054",2023-01-14,305,196,501
"E54000054",2023-01-15,178,136,314
"E54000054",2023-01-16,183,146,329
"E54000054",2023-01-17,273,200,473
"E54000054",2023-01-18,346,180,526
"E54000054",2023-01-19,200,169,369
"E54000054",2023-01-20,305,212,517
"E54000054",2023-01-21,236,137,373
"E54000054",2023-01-22,149,107,256
"E54000054",2023-01-23,182,131,313
"E54000054",2023-01-24,215,162,377
"E54000054",2023-01-25,217,188,405
"E54000054",2023-01-26,279,191,470
"E54000054",2023-01-27,264,210,474
"E54000054",2023-01-28,213,148,361
"E54000054",2023-01-29,171,102,273
"E54000054",2023-01-30,239,155,394
"E54000054",2023-01-31,269,231,500
"E54000057",2023-01-01,122,64,186
"E54000057",2023-01-02,103,66,169
"E54000057",2023-01-03,181,137,318
"E54000057",2023-01-04,250,151,401
"E54000057",2023-01-05,231,147,378
"E54000057",2023-01-06,255,205,460
"E54000057",2023-01-07,136,79,215
"E54000057",2023-01-08,116,58,174
"E54000057",2023-01-09,183,131,314
"E54000057",2023-01-10,244,174,418
"E54000057",2023-01-11,261,143,404
"E54000057",2023-01-12,252,166,418
"E54000057",2023-01-13,254,168,422
"E54000057",2023-01-14,150,83,233
"E54000057",2023-01-15,108,49,157
"E54000057",2023-01-16,213,156,369
"E54000057",2023-01-17,256,142,398
"E54000057",2023-01-18,241,144,385
"E54000057",2023-01-19,249,180,429
"E54000057",2023-01-20,234,176,410
"E54000057",2023-01-21,146,97,243
"E54000057",2023-01-22,103,49,152
"E54000057",2023-01-23,220,136,356
"E54000057",2023-01-24,287,184,471
"E54000057",2023-01-25,276,163,439
"E54000057",2023-01-26,257,167,424
"E54000057",2023-01-27,260,206,466
"E54000057",2023-01-28,158,103,261
"E54000057",2023-01-29,145,70,215
"E54000057",2023-01-30,250,152,402
"E54000057",2023-01-31,214,135,349
"E54000008",2023-01-01,89,77,166
"E54000008",2023-01-02,107,85,192
"E54000008",2023-01-03,172,134,306
"E54000008",2023-01-04,205,180,385
"E54000008",2023-01-05,267,146,413
"E54000008",2023-01-06,264,183,447
"E54000008",2023-01-07,153,74,227
"E54000008",2023-01-08,134,59,193
"E54000008",2023-01-09,169,147,316
"E54000008",2023-01-10,228,135,363
"E54000008",2023-01-11,219,130,349
"E54000008",2023-01-12,211,152,363
"E54000008",2023-01-13,226,149,375
"E54000008",2023-01-14,106,67,173
"E54000008",2023-01-15,87,61,148
"E54000008",2023-01-16,189,159,348
"E54000008",2023-01-17,217,163,380
"E54000008",2023-01-18,225,144,369
"E54000008",2023-01-19,203,146,349
"E54000008",2023-01-20,202,179,381
"E54000008",2023-01-21,146,79,225
"E54000008",2023-01-22,109,38,147
"E54000008",2023-01-23,205,141,346
"E54000008",2023-01-24,248,140,388
"E54000008",2023-01-25,209,163,372
"E54000008",2023-01-26,251,158,409
"E54000008",2023-01-27,246,187,433
"E54000008",2023-01-28,137,101,238
"E54000008",2023-01-29,107,68,175
"E54000008",2023-01-30,213,157,370
"E54000008",2023-01-31,238,155,393
"E54000048",2023-01-01,90,83,173
"E54000048",2023-01-02,111,111,222
"E54000048",2023-01-03,128,134,262
"E54000048",2023-01-04,195,149,344
"E54000048",2023-01-05,186,175,361
"E54000048",2023-01-06,231,167,398
"E54000048",2023-01-07,169,107,276
"E54000048",2023-01-08,101,75,176
"E54000048",2023-01-09,147,147,294
"E54000048",2023-01-10,174,164,338
"E54000048",2023-01-11,221,156,377
"E54000048",2023-01-12,215,176,391
"E54000048",2023-01-13,243,207,450
"E54000048",2023-01-14,140,99,239
"E54000048",2023-01-15,93,87,180
"E54000048",2023-01-16,137,152,289
"E54000048",2023-01-17,191,141,332
"E54000048",2023-01-18,192,157,349
"E54000048",2023-01-19,220,146,366
"E54000048",2023-01-20,198,192,390
"E54000048",2023-01-21,148,117,265
"E54000048",2023-01-22,84,68,152
"E54000048",2023-01-23,137,120,257
"E54000048",2023-01-24,188,148,336
"E54000048",2023-01-25,208,165,373
"E54000048",2023-01-26,194,158,352
"E54000048",2023-01-27,196,187,383
"E54000048",2023-01-28,160,114,274
"E54000048",2023-01-29,99,77,176
"E54000048",2023-01-30,135,140,275
"E54000048",2023-01-31,207,152,359
"E54000032",2023-01-01,88,80,168
"E54000032",2023-01-02,89,70,159
"E54000032",2023-01-03,151,96,247
"E54000032",2023-01-04,171,123,294
"E54000032",2023-01-05,180,142,322
"E54000032",2023-01-06,203,138,341
"E54000032",2023-01-07,116,64,180
"E54000032",2023-01-08,90,44,134
"E54000032",2023-01-09,121,128,249
"E54000032",2023-01-10,167,125,292
"E54000032",2023-01-11,185,136,321
"E54000032",2023-01-12,192,117,309
"E54000032",2023-01-13,233,129,362
"E54000032",2023-01-14,131,57,188
"E54000032",2023-01-15,85,55,140
"E54000032",2023-01-16,169,104,273
"E54000032",2023-01-17,166,155,321
"E54000032",2023-01-18,209,136,345
"E54000032",2023-01-19,202,145,347
"E54000032",2023-01-20,208,117,325
"E54000032",2023-01-21,129,74,203
"E54000032",2023-01-22,90,47,137
"E54000032",2023-01-23,129,114,243
"E54000032",2023-01-24,188,120,308
"E54000032",2023-01-25,163,143,306
"E54000032",2023-01-26,177,111,288
"E54000032",2023-01-27,206,137,343
"E54000032",2023-01-28,107,83,190
"E54000032",2023-01-29,95,38,133
"E54000032",2023-01-30,145,113,258
"E54000032",2023-01-31,173,130,303
"E54000034",2023-01-01,19,0,19
"E54000034",2023-01-02,17,0,17
"E54000034",2023-01-03,38,0,38
"E54000034",2023-01-04,47,0,47
"E54000034",2023-01-05,47,0,47
"E54000034",2023-01-06,47,0,47
"E54000034",2023-01-07,20,0,20
"E54000034",2023-01-08,15,0,15
"E54000034",2023-01-09,84,7,91
"E54000034",2023-01-10,84,3,87
"E54000034",2023-01-11,91,8,99
"E54000034",2023-01-12,105,0,105
"E54000034",2023-01-13,115,0,115
"E54000034",2023-01-14,64,0,64
"E54000034",2023-01-15,53,0,53
"E54000034",2023-01-16,78,35,113
"E54000034",2023-01-17,68,26,94
"E54000034",2023-01-18,54,37,91
"E54000034",2023-01-19,64,46,110
"E54000034",2023-01-20,63,35,98
"E54000034",2023-01-21,52,40,92
"E54000034",2023-01-22,57,30,87
"E54000034",2023-01-23,49,42,91
"E54000034",2023-01-24,53,62,115
"E54000034",2023-01-25,53,65,118
"E54000034",2023-01-26,65,60,125
"E54000034",2023-01-27,81,55,136
"E54000034",2023-01-28,50,38,88
"E54000034",2023-01-29,31,41,72
"E54000034",2023-01-30,46,61,107
"E54000034",2023-01-31,36,67,103
"E54000042",2023-01-01,138,74,212
"E54000042",2023-01-02,148,63,211
"E54000042",2023-01-03,322,166,488
"E54000042",2023-01-04,368,174,542
"E54000042",2023-01-05,394,137,531
"E54000042",2023-01-06,398,176,574
"E54000042",2023-01-07,187,86,273
"E54000042",2023-01-08,136,47,183
"E54000042",2023-01-09,308,163,471
"E54000042",2023-01-10,392,196,588
"E54000042",2023-01-11,441,192,633
"E54000042",2023-01-12,404,199,603
"E54000042",2023-01-13,467,257,724
"E54000042",2023-01-14,170,77,247
"E54000042",2023-01-15,143,74,217
"E54000042",2023-01-16,351,178,529
"E54000042",2023-01-17,402,196,598
"E54000042",2023-01-18,297,187,484
"E54000042",2023-01-19,331,161,492
"E54000042",2023-01-20,427,206,633
"E54000042",2023-01-21,201,109,310
"E54000042",2023-01-22,175,56,231
"E54000042",2023-01-23,304,161,465
"E54000042",2023-01-24,375,234,609
"E54000042",2023-01-25,402,213,615
"E54000042",2023-01-26,386,202,588
"E54000042",2023-01-27,406,189,595
"E54000042",2023-01-28,205,107,312
"E54000042",2023-01-29,189,52,241
"E54000042",2023-01-30,317,183,500
"E54000042",2023-01-31,375,213,588
"E54000044",2023-01-01,97,65,162
"E54000044",2023-01-02,122,47,169
"E54000044",2023-01-03,135,95,230
"E54000044",2023-01-04,186,138,324
"E54000044",2023-01-05,180,117,297
"E54000044",2023-01-06,199,156,355
"E54000044",2023-01-07,159,93,252
"E54000044",2023-01-08,134,61,195
"E54000044",2023-01-09,145,134,279
"E54000044",2023-01-10,161,120,281
"E54000044",2023-01-11,201,117,318
"E54000044",2023-01-12,193,141,334
"E54000044",2023-01-13,229,134,363
"E54000044",2023-01-14,164,121,285
"E54000044",2023-01-15,143,53,196
"E54000044",2023-01-16,132,102,234
"E54000044",2023-01-17,170,107,277
"E54000044",2023-01-18,175,128,303
"E54000044",2023-01-19,223,121,344
"E54000044",2023-01-20,242,131,373
"E54000044",2023-01-21,156,107,263
"E54000044",2023-01-22,103,51,154
"E54000044",2023-01-23,142,106,248
"E54000044",2023-01-24,176,92,268
"E54000044",2023-01-25,183,142,325
"E54000044",2023-01-26,202,132,334
"E54000044",2023-01-27,234,131,365
"E54000044",2023-01-28,159,83,242
"E54000044",2023-01-29,102,82,184
"E54000044",2023-01-30,149,100,249
"E54000044",2023-01-31,200,58,258
"E54000052",2023-01-01,57,25,82
"E54000052",2023-01-02,51,23,74
"E54000052",2023-01-03,64,32,96
"E54000052",2023-01-04,85,60,145
"E54000052",2023-01-05,94,77,171
"E54000052",2023-01-06,120,69,189
"E54000052",2023-01-07,93,51,144
"E54000052",2023-01-08,71,23,94
"E54000052",2023-01-09,70,44,114
"E54000052",2023-01-10,98,84,182
"E54000052",2023-01-11,109,73,182
"E54000052",2023-01-12,111,78,189
"E54000052",2023-01-13,131,75,206
"E54000052",2023-01-14,122,64,186
"E54000052",2023-01-15,80,31,111
"E54000052",2023-01-16,66,49,115
"E54000052",2023-01-17,126,48,174
"E54000052",2023-01-18,102,74,176
"E54000052",2023-01-19,116,48,164
"E54000052",2023-01-20,115,74,189
"E54000052",2023-01-21,108,62,170
"E54000052",2023-01-22,92,26,118
"E54000052",2023-01-23,92,41,133
"E54000052",2023-01-24,108,68,176
"E54000052",2023-01-25,108,59,167
"E54000052",2023-01-26,106,63,169
"E54000052",2023-01-27,138,70,208
"E54000052",2023-01-28,128,57,185
"E54000052",2023-01-29,105,29,134
"E54000052",2023-01-30,83,55,138
"E54000052",2023-01-31,107,76,183
"E54000053",2023-01-01,92,60,152
"E54000053",2023-01-02,138,88,226
"E54000053",2023-01-03,143,135,278
"E54000053",2023-01-04,218,118,336
"E54000053",2023-01-05,242,129,371
"E54000053",2023-01-06,225,153,378
"E54000053",2023-01-07,152,52,204
"E54000053",2023-01-08,93,42,135
"E54000053",2023-01-09,151,83,234
"E54000053",2023-01-10,214,148,362
"E54000053",2023-01-11,195,118,313
"E54000053",2023-01-12,237,137,374
"E54000053",2023-01-13,244,182,426
"E54000053",2023-01-14,151,80,231
"E54000053",2023-01-15,104,42,146
"E54000053",2023-01-16,180,127,307
"E54000053",2023-01-17,211,141,352
"E54000053",2023-01-18,208,108,316
"E54000053",2023-01-19,204,129,333
"E54000053",2023-01-20,222,154,376
"E54000053",2023-01-21,146,57,203
"E54000053",2023-01-22,108,52,160
"E54000053",2023-01-23,167,143,310
"E54000053",2023-01-24,197,126,323
"E54000053",2023-01-25,234,99,333
"E54000053",2023-01-26,221,147,368
"E54000053",2023-01-27,258,162,420
"E54000053",2023-01-28,146,36,182
"E54000053",2023-01-29,108,41,149
"E54000053",2023-01-30,166,122,288
"E54000053",2023-01-31,204,117,321
"E54000036",2023-01-01,22,20,42
"E54000036",2023-01-02,29,31,60
"E54000036",2023-01-03,33,26,59
"E54000036",2023-01-04,52,42,94
"E54000036",2023-01-05,60,35,95
"E54000036",2023-01-06,58,47,105
"E54000036",2023-01-07,39,33,72
"E54000036",2023-01-08,24,18,42
"E54000036",2023-01-09,36,53,89
"E54000036",2023-01-10,47,41,88
"E54000036",2023-01-11,40,39,79
"E54000036",2023-01-12,51,35,86
"E54000036",2023-01-13,36,57,93
"E54000036",2023-01-14,42,29,71
"E54000036",2023-01-15,30,16,46
"E54000036",2023-01-16,37,50,87
"E54000036",2023-01-17,38,61,99
"E54000036",2023-01-18,39,29,68
"E54000036",2023-01-19,41,38,79
"E54000036",2023-01-20,43,48,91
"E54000036",2023-01-21,35,29,64
"E54000036",2023-01-22,31,14,45
"E54000036",2023-01-23,42,47,89
"E54000036",2023-01-24,44,40,84
"E54000036",2023-01-25,45,47,92
"E54000036",2023-01-26,34,54,88
"E54000036",2023-01-27,66,39,105
"E54000036",2023-01-28,46,27,73
"E54000036",2023-01-29,30,10,40
"E54000036",2023-01-30,26,41,67
"E54000036",2023-01-31,58,40,98
"E54000037",2023-01-01,107,56,163
"E54000037",2023-01-02,79,29,108
"E54000037",2023-01-03,139,104,243
"E54000037",2023-01-04,176,105,281
"E54000037",2023-01-05,155,116,271
"E54000037",2023-01-06,164,153,317
"E54000037",2023-01-07,117,61,178
"E54000037",2023-01-08,81,41,122
"E54000037",2023-01-09,125,109,234
"E54000037",2023-01-10,177,106,283
"E54000037",2023-01-11,171,116,287
"E54000037",2023-01-12,179,105,284
"E54000037",2023-01-13,183,126,309
"E54000037",2023-01-14,99,60,159
"E54000037",2023-01-15,106,43,149
"E54000037",2023-01-16,134,112,246
"E54000037",2023-01-17,182,94,276
"E54000037",2023-01-18,176,108,284
"E54000037",2023-01-19,214,124,338
"E54000037",2023-01-20,184,115,299
"E54000037",2023-01-21,110,69,179
"E54000037",2023-01-22,104,43,147
"E54000037",2023-01-23,149,115,264
"E54000037",2023-01-24,175,115,290
"E54000037",2023-01-25,175,108,283
"E54000037",2023-01-26,178,97,275
"E54000037",2023-01-27,198,123,321
"E54000037",2023-01-28,78,31,109
"E54000037",2023-01-29,75,9,84
"E54000037",2023-01-30,163,99,262
"E54000037",2023-01-31,202,85,287
"E54000038",2023-01-01,40,23,63
"E54000038",2023-01-02,48,16,64
"E54000038",2023-01-03,85,25,110
"E54000038",2023-01-04,69,48,117
"E54000038",2023-01-05,88,37,125
"E54000038",2023-01-06,87,32,119
"E54000038",2023-01-07,55,21,76
"E54000038",2023-01-08,27,5,32
"E54000038",2023-01-09,60,13,73
"E54000038",2023-01-10,78,49,127
"E54000038",2023-01-11,104,35,139
"E54000038",2023-01-12,82,43,125
"E54000038",2023-01-13,99,37,136
"E54000038",2023-01-14,66,41,107
"E54000038",2023-01-15,51,10,61
"E54000038",2023-01-16,72,20,92
"E54000038",2023-01-17,113,34,147
"E54000038",2023-01-18,79,24,103
"E54000038",2023-01-19,74,24,98
"E54000038",2023-01-20,83,48,131
"E54000038",2023-01-21,69,22,91
"E54000038",2023-01-22,43,10,53
"E54000038",2023-01-23,58,16,74
"E54000038",2023-01-24,85,31,116
"E54000038",2023-01-25,84,52,136
"E54000038",2023-01-26,87,39,126
"E54000038",2023-01-27,102,25,127
"E54000038",2023-01-28,63,34,97
"E54000038",2023-01-29,29,12,41
"E54000038",2023-01-30,50,20,70
"E54000038",2023-01-31,100,36,136
"E54000039",2023-01-01,66,48,114
"E54000039",2023-01-02,61,67,128
"E54000039",2023-01-03,81,113,194
"E54000039",2023-01-04,123,118,241
"E54000039",2023-01-05,131,126,257
"E54000039",2023-01-06,144,111,255
"E54000039",2023-01-07,71,64,135
"E54000039",2023-01-08,48,55,103
"E54000039",2023-01-09,99,94,193
"E54000039",2023-01-10,107,117,224
"E54000039",2023-01-11,95,137,232
"E54000039",2023-01-12,102,123,225
"E54000039",2023-01-13,123,136,259
"E54000039",2023-01-14,74,58,132
"E54000039",2023-01-15,52,54,106
"E54000039",2023-01-16,105,104,209
"E54000039",2023-01-17,110,141,251
"E54000039",2023-01-18,104,108,212
"E54000039",2023-01-19,136,113,249
"E54000039",2023-01-20,144,119,263
"E54000039",2023-01-21,68,62,130
"E54000039",2023-01-22,59,61,120
"E54000039",2023-01-23,91,116,207
"E54000039",2023-01-24,98,98,196
"E54000039",2023-01-25,94,122,216
"E54000039",2023-01-26,92,141,233
"E54000039",2023-01-27,135,137,272
"E54000039",2023-01-28,71,62,133
"E54000039",2023-01-29,57,48,105
"E54000039",2023-01-30,97,106,203
"E54000039",2023-01-31,110,134,244
"E54000040",2023-01-01,71,41,112
"E54000040",2023-01-02,97,42,139
"E54000040",2023-01-03,118,75,193
"E54000040",2023-01-04,176,98,274
"E54000040",2023-01-05,161,122,283
"E54000040",2023-01-06,172,137,309
"E54000040",2023-01-07,150,85,235
"E54000040",2023-01-08,83,57,140
"E54000040",2023-01-09,91,73,164
"E54000040",2023-01-10,158,94,252
"E54000040",2023-01-11,163,114,277
"E54000040",2023-01-12,177,101,278
"E54000040",2023-01-13,159,124,283
"E54000040",2023-01-14,146,75,221
"E54000040",2023-01-15,93,41,134
"E54000040",2023-01-16,90,76,166
"E54000040",2023-01-17,157,117,274
"E54000040",2023-01-18,179,104,283
"E54000040",2023-01-19,175,115,290
"E54000040",2023-01-20,157,113,270
"E54000040",2023-01-21,159,63,222
"E54000040",2023-01-22,131,62,193
"E54000040",2023-01-23,93,69,162
"E54000040",2023-01-24,151,107,258
"E54000040",2023-01-25,154,96,250
"E54000040",2023-01-26,144,100,244
"E54000040",2023-01-27,187,101,288
"E54000040",2023-01-28,130,96,226
"E54000040",2023-01-29,67,41,108
"E54000040",2023-01-30,124,56,180
"E54000040",2023-01-31,173,81,254
"E54000041",2023-01-01,30,18,48
"E54000041",2023-01-02,41,12,53
"E54000041",2023-01-03,64,36,100
"E54000041",2023-01-04,100,41,141
"E54000041",2023-01-05,83,51,134
"E54000041",2023-01-06,104,48,152
"E54000041",2023-01-07,59,24,83
"E54000041",2023-01-08,34,5,39
"E54000041",2023-01-09,72,48,120
"E54000041",2023-01-10,102,49,151
"E54000041",2023-01-11,100,41,141
"E54000041",2023-01-12,98,38,136
"E54000041",2023-01-13,105,35,140
"E54000041",2023-01-14,64,29,93
"E54000041",2023-01-15,44,16,60
"E54000041",2023-01-16,73,44,117
"E54000041",2023-01-17,107,43,150
"E54000041",2023-01-18,102,32,134
"E54000041",2023-01-19,95,31,126
"E54000041",2023-01-20,86,49,135
"E54000041",2023-01-21,64,18,82
"E54000041",2023-01-22,43,12,55
"E54000041",2023-01-23,75,49,124
"E54000041",2023-01-24,91,42,133
"E54000041",2023-01-25,97,51,148
"E54000041",2023-01-26,92,58,150
"E54000041",2023-01-27,113,47,160
"E54000041",2023-01-28,55,27,82
"E54000041",2023-01-29,48,18,66
"E54000041",2023-01-30,69,37,106
"E54000041",2023-01-31,87,40,127
"E54000043",2023-01-01,17,6,23
"E54000043",2023-01-02,28,12,40
"E54000043",2023-01-03,40,30,70
"E54000043",2023-01-04,41,19,60
"E54000043",2023-01-05,48,19,67
"E54000043",2023-01-06,53,20,73
"E54000043",2023-01-07,33,11,44
"E54000043",2023-01-08,29,9,38
"E54000043",2023-01-09,49,15,64
"E54000043",2023-01-10,46,19,65
"E54000043",2023-01-11,40,19,59
"E54000043",2023-01-12,51,25,76
"E54000043",2023-01-13,42,30,72
"E54000043",2023-01-14,32,7,39
"E54000043",2023-01-15,24,7,31
"E54000043",2023-01-16,48,21,69
"E54000043",2023-01-17,48,17,65
"E54000043",2023-01-18,35,22,57
"E54000043",2023-01-19,52,24,76
"E54000043",2023-01-20,66,24,90
"E54000043",2023-01-21,37,11,48
"E54000043",2023-01-22,29,7,36
"E54000043",2023-01-23,51,31,82
"E54000043",2023-01-24,41,26,67
"E54000043",2023-01-25,48,19,67
"E54000043",2023-01-26,56,24,80
"E54000043",2023-01-27,49,33,82
"E54000043",2023-01-28,39,9,48
"E54000043",2023-01-29,30,7,37
"E54000043",2023-01-30,38,25,63
"E54000043",2023-01-31,58,20,78
"E54000056",2023-02-01,133,83,216
"E54000056",2023-02-02,103,80,183
"E54000056",2023-02-03,124,106,230
"E54000056",2023-02-04,108,96,204
"E54000056",2023-02-05,65,37,102
"E54000056",2023-02-06,76,60,136
"E54000056",2023-02-07,126,85,211
"E54000056",2023-02-08,143,75,218
"E54000056",2023-02-09,114,82,196
"E54000056",2023-02-10,118,120,238
"E54000056",2023-02-11,104,97,201
"E54000056",2023-02-12,92,30,122
"E54000056",2023-02-13,90,58,148
"E54000056",2023-02-14,104,85,189
"E54000056",2023-02-15,118,100,218
"E54000056",2023-02-16,128,109,237
"E54000056",2023-02-17,107,93,200
"E54000056",2023-02-18,96,80,176
"E54000056",2023-02-19,71,46,117
"E54000056",2023-02-20,81,65,146
"E54000056",2023-02-21,107,105,212
"E54000056",2023-02-22,139,103,242
"E54000056",2023-02-23,118,108,226
"E54000056",2023-02-24,137,106,243
"E54000056",2023-02-25,104,84,188
"E54000056",2023-02-26,72,49,121
"E54000056",2023-02-27,84,71,155
"E54000056",2023-02-28,115,90,205
"E54000022",2023-02-01,186,127,313
"E54000022",2023-02-02,189,107,296
"E54000022",2023-02-03,198,97,295
"E54000022",2023-02-04,168,75,243
"E54000022",2023-02-05,105,57,162
"E54000022",2023-02-06,131,53,184
"E54000022",2023-02-07,189,108,297
"E54000022",2023-02-08,201,99,300
"E54000022",2023-02-09,202,112,314
"E54000022",2023-02-10,196,129,325
"E54000022",2023-02-11,190,84,274
"E54000022",2023-02-12,124,68,192
"E54000022",2023-02-13,131,73,204
"E54000022",2023-02-14,173,124,297
"E54000022",2023-02-15,171,85,256
"E54000022",2023-02-16,186,115,301
"E54000022",2023-02-17,183,110,293
"E54000022",2023-02-18,145,79,224
"E54000022",2023-02-19,104,39,143
"E54000022",2023-02-20,127,80,207
"E54000022",2023-02-21,137,101,238
"E54000022",2023-02-22,188,97,285
"E54000022",2023-02-23,186,99,285
"E54000022",2023-02-24,194,91,285
"E54000022",2023-02-25,162,78,240
"E54000022",2023-02-26,121,41,162
"E54000022",2023-02-27,109,64,173
"E54000022",2023-02-28,168,114,282
"E54000023",2023-02-01,129,81,210
"E54000023",2023-02-02,147,93,240
"E54000023",2023-02-03,169,100,269
"E54000023",2023-02-04,123,40,163
"E54000023",2023-02-05,80,33,113
"E54000023",2023-02-06,97,46,143
"E54000023",2023-02-07,128,78,206
"E54000023",2023-02-08,147,70,217
"E54000023",2023-02-09,151,86,237
"E54000023",2023-02-10,131,94,225
"E54000023",2023-02-11,142,67,209
"E54000023",2023-02-12,122,48,170
"E54000023",2023-02-13,117,86,203
"E54000023",2023-02-14,141,98,239
"E54000023",2023-02-15,134,79,213
"E54000023",2023-02-16,155,80,235
"E54000023",2023-02-17,155,107,262
"E54000023",2023-02-18,128,43,171
"E54000023",2023-02-19,63,30,93
"E54000023",2023-02-20,110,92,202
"E54000023",2023-02-21,154,77,231
"E54000023",2023-02-22,142,92,234
"E54000023",2023-02-23,161,97,258
"E54000023",2023-02-24,151,82,233
"E54000023",2023-02-25,87,50,137
"E54000023",2023-02-26,66,30,96
"E54000023",2023-02-27,105,77,182
"E54000023",2023-02-28,128,79,207
"E54000024",2023-02-01,124,47,171
"E54000024",2023-02-02,153,65,218
"E54000024",2023-02-03,150,58,208
"E54000024",2023-02-04,76,56,132
"E54000024",2023-02-05,53,30,83
"E54000024",2023-02-06,100,58,158
"E54000024",2023-02-07,136,78,214
"E54000024",2023-02-08,100,69,169
"E54000024",2023-02-09,120,74,194
"E54000024",2023-02-10,144,51,195
"E54000024",2023-02-11,57,32,89
"E54000024",2023-02-12,45,36,81
"E54000024",2023-02-13,101,47,148
"E54000024",2023-02-14,120,72,192
"E54000024",2023-02-15,148,55,203
"E54000024",2023-02-16,95,19,114
"E54000024",2023-02-17,106,86,192
"E54000024",2023-02-18,56,36,92
"E54000024",2023-02-19,43,29,72
"E54000024",2023-02-20,105,62,167
"E54000024",2023-02-21,141,66,207
"E54000024",2023-02-22,143,51,194
"E54000024",2023-02-23,125,58,183
"E54000024",2023-02-24,137,71,208
"E54000024",2023-02-25,87,33,120
"E54000024",2023-02-26,51,30,81
"E54000024",2023-02-27,80,56,136
"E54000024",2023-02-28,132,45,177
"E54000025",2023-02-01,140,112,252
"E54000025",2023-02-02,139,88,227
"E54000025",2023-02-03,117,108,225
"E54000025",2023-02-04,72,61,133
"E54000025",2023-02-05,85,45,130
"E54000025",2023-02-06,121,77,198
"E54000025",2023-02-07,126,89,215
"E54000025",2023-02-08,140,121,261
"E54000025",2023-02-09,142,103,245
"E54000025",2023-02-10,168,97,265
"E54000025",2023-02-11,119,50,169
"E54000025",2023-02-12,75,50,125
"E54000025",2023-02-13,122,81,203
"E54000025",2023-02-14,122,95,217
"E54000025",2023-02-15,146,85,231
"E54000025",2023-02-16,136,98,234
"E54000025",2023-02-17,141,101,242
"E54000025",2023-02-18,104,63,167
"E54000025",2023-02-19,86,45,131
"E54000025",2023-02-20,122,77,199
"E54000025",2023-02-21,131,93,224
"E54000025",2023-02-22,152,92,244
"E54000025",2023-02-23,118,71,189
"E54000025",2023-02-24,147,103,250
"E54000025",2023-02-25,94,51,145
"E54000025",2023-02-26,77,31,108
"E54000025",2023-02-27,118,85,203
"E54000025",2023-02-28,147,97,244
"E54000026",2023-02-01,258,21,279
"E54000026",2023-02-02,258,20,278
"E54000026",2023-02-03,230,16,246
"E54000026",2023-02-04,190,14,204
"E54000026",2023-02-05,127,9,136
"E54000026",2023-02-06,219,14,233
"E54000026",2023-02-07,248,19,267
"E54000026",2023-02-08,250,16,266
"E54000026",2023-02-09,240,17,257
"E54000026",2023-02-10,271,18,289
"E54000026",2023-02-11,163,11,174
"E54000026",2023-02-12,145,6,151
"E54000026",2023-02-13,192,12,204
"E54000026",2023-02-14,225,16,241
"E54000026",2023-02-15,218,20,238
"E54000026",2023-02-16,258,16,274
"E54000026",2023-02-17,253,17,270
"E54000026",2023-02-18,184,11,195
"E54000026",2023-02-19,131,9,140
"E54000026",2023-02-20,204,18,222
"E54000026",2023-02-21,249,20,269
"E54000026",2023-02-22,238,19,257
"E54000026",2023-02-23,249,16,265
"E54000026",2023-02-24,241,17,258
"E54000026",2023-02-25,188,12,200
"E54000026",2023-02-26,151,5,156
"E54000026",2023-02-27,202,12,214
"E54000026",2023-02-28,249,22,271
"E54000027",2023-02-01,211,112,323
"E54000027",2023-02-02,229,113,342
"E54000027",2023-02-03,244,146,390
"E54000027",2023-02-04,205,101,306
"E54000027",2023-02-05,147,59,206
"E54000027",2023-02-06,148,101,249
"E54000027",2023-02-07,188,121,309
"E54000027",2023-02-08,259,123,382
"E54000027",2023-02-09,216,107,323
"E54000027",2023-02-10,272,135,407
"E54000027",2023-02-11,202,78,280
"E54000027",2023-02-12,137,57,194
"E54000027",2023-02-13,173,76,249
"E54000027",2023-02-14,173,115,288
"E54000027",2023-02-15,225,120,345
"E54000027",2023-02-16,237,112,349
"E54000027",2023-02-17,218,152,370
"E54000027",2023-02-18,162,107,269
"E54000027",2023-02-19,112,46,158
"E54000027",2023-02-20,149,97,246
"E54000027",2023-02-21,195,126,321
"E54000027",2023-02-22,226,118,344
"E54000027",2023-02-23,225,125,350
"E54000027",2023-02-24,224,134,358
"E54000027",2023-02-25,211,108,319
"E54000027",2023-02-26,132,51,183
"E54000027",2023-02-27,151,83,234
"E54000027",2023-02-28,213,113,326
"E54000028",2023-02-01,184,132,316
"E54000028",2023-02-02,181,162,343
"E54000028",2023-02-03,178,145,323
"E54000028",2023-02-04,160,133,293
"E54000028",2023-02-05,152,116,268
"E54000028",2023-02-06,118,111,229
"E54000028",2023-02-07,144,126,270
"E54000028",2023-02-08,169,127,296
"E54000028",2023-02-09,174,142,316
"E54000028",2023-02-10,171,134,305
"E54000028",2023-02-11,208,120,328
"E54000028",2023-02-12,109,92,201
"E54000028",2023-02-13,91,90,181
"E54000028",2023-02-14,144,145,289
"E54000028",2023-02-15,179,136,315
"E54000028",2023-02-16,166,144,310
"E54000028",2023-02-17,180,137,317
"E54000028",2023-02-18,166,139,305
"E54000028",2023-02-19,98,76,174
"E54000028",2023-02-20,119,77,196
"E54000028",2023-02-21,158,148,306
"E54000028",2023-02-22,180,116,296
"E54000028",2023-02-23,207,125,332
"E54000028",2023-02-24,180,134,314
"E54000028",2023-02-25,167,152,319
"E54000028",2023-02-26,116,89,205
"E54000028",2023-02-27,123,100,223
"E54000028",2023-02-28,121,149,270
"E54000029",2023-02-01,172,157,329
"E54000029",2023-02-02,173,158,331
"E54000029",2023-02-03,174,204,378
"E54000029",2023-02-04,164,132,296
"E54000029",2023-02-05,123,96,219
"E54000029",2023-02-06,99,117,216
"E54000029",2023-02-07,173,150,323
"E54000029",2023-02-08,143,173,316
"E54000029",2023-02-09,171,191,362
"E54000029",2023-02-10,169,180,349
"E54000029",2023-02-11,160,138,298
"E54000029",2023-02-12,109,69,178
"E54000029",2023-02-13,104,121,225
"E54000029",2023-02-14,119,194,313
"E54000029",2023-02-15,149,163,312
"E54000029",2023-02-16,155,162,317
"E54000029",2023-02-17,173,162,335
"E54000029",2023-02-18,140,121,261
"E54000029",2023-02-19,124,51,175
"E54000029",2023-02-20,127,92,219
"E54000029",2023-02-21,160,186,346
"E54000029",2023-02-22,181,163,344
"E54000029",2023-02-23,155,164,319
"E54000029",2023-02-24,173,174,347
"E54000029",2023-02-25,151,123,274
"E54000029",2023-02-26,121,62,183
"E54000029",2023-02-27,130,98,228
"E54000029",2023-02-28,154,166,320
"E54000030",2023-02-01,185,116,301
"E54000030",2023-02-02,187,113,300
"E54000030",2023-02-03,161,119,280
"E54000030",2023-02-04,121,47,168
"E54000030",2023-02-05,133,44,177
"E54000030",2023-02-06,143,125,268
"E54000030",2023-02-07,162,136,298
"E54000030",2023-02-08,188,108,296
"E54000030",2023-02-09,176,117,293
"E54000030",2023-02-10,169,114,283
"E54000030",2023-02-11,106,47,153
"E54000030",2023-02-12,96,42,138
"E54000030",2023-02-13,175,115,290
"E54000030",2023-02-14,196,128,324
"E54000030",2023-02-15,207,150,357
"E54000030",2023-02-16,109,144,253
"E54000030",2023-02-17,172,95,267
"E54000030",2023-02-18,116,38,154
"E54000030",2023-02-19,83,43,126
"E54000030",2023-02-20,139,122,261
"E54000030",2023-02-21,202,145,347
"E54000030",2023-02-22,220,115,335
"E54000030",2023-02-23,123,180,303
"E54000030",2023-02-24,195,143,338
"E54000030",2023-02-25,124,67,191
"E54000030",2023-02-26,118,53,171
"E54000030",2023-02-27,186,96,282
"E54000030",2023-02-28,257,148,405
"E54000031",2023-02-01,174,120,294
"E54000031",2023-02-02,167,143,310
"E54000031",2023-02-03,168,159,327
"E54000031",2023-02-04,108,60,168
"E54000031",2023-02-05,63,53,116
"E54000031",2023-02-06,86,102,188
"E54000031",2023-02-07,107,109,216
"E54000031",2023-02-08,160,112,272
"E54000031",2023-02-09,133,131,264
"E54000031",2023-02-10,152,110,262
"E54000031",2023-02-11,97,77,174
"E54000031",2023-02-12,75,59,134
"E54000031",2023-02-13,113,97,210
"E54000031",2023-02-14,132,98,230
"E54000031",2023-02-15,151,97,248
"E54000031",2023-02-16,169,112,281
"E54000031",2023-02-17,148,146,294
"E54000031",2023-02-18,130,64,194
"E54000031",2023-02-19,75,41,116
"E54000031",2023-02-20,90,99,189
"E54000031",2023-02-21,138,112,250
"E54000031",2023-02-22,156,105,261
"E54000031",2023-02-23,135,150,285
"E54000031",2023-02-24,150,140,290
"E54000031",2023-02-25,103,87,190
"E54000031",2023-02-26,57,58,115
"E54000031",2023-02-27,110,74,184
"E54000031",2023-02-28,112,127,239
"E54000010",2023-02-01,83,34,117
"E54000010",2023-02-02,125,49,174
"E54000010",2023-02-03,126,57,183
"E54000010",2023-02-04,84,44,128
"E54000010",2023-02-05,62,22,84
"E54000010",2023-02-06,81,48,129
"E54000010",2023-02-07,130,56,186
"E54000010",2023-02-08,112,55,167
"E54000010",2023-02-09,87,47,134
"E54000010",2023-02-10,111,60,171
"E54000010",2023-02-11,80,35,115
"E54000010",2023-02-12,62,13,75
"E54000010",2023-02-13,50,52,102
"E54000010",2023-02-14,101,62,163
"E54000010",2023-02-15,114,47,161
"E54000010",2023-02-16,124,45,169
"E54000010",2023-02-17,128,49,177
"E54000010",2023-02-18,62,35,97
"E54000010",2023-02-19,66,28,94
"E54000010",2023-02-20,89,41,130
"E54000010",2023-02-21,100,50,150
"E54000010",2023-02-22,116,65,181
"E54000010",2023-02-23,115,52,167
"E54000010",2023-02-24,97,65,162
"E54000010",2023-02-25,75,26,101
"E54000010",2023-02-26,52,34,86
"E54000010",2023-02-27,77,57,134
"E54000010",2023-02-28,154,54,208
"E54000011",2023-02-01,53,55,108
"E54000011",2023-02-02,72,43,115
"E54000011",2023-02-03,57,52,109
"E54000011",2023-02-04,67,69,136
"E54000011",2023-02-05,34,26,60
"E54000011",2023-02-06,39,18,57
"E54000011",2023-02-07,58,47,105
"E54000011",2023-02-08,69,58,127
"E54000011",2023-02-09,66,47,113
"E54000011",2023-02-10,63,51,114
"E54000011",2023-02-11,74,67,141
"E54000011",2023-02-12,40,44,84
"E54000011",2023-02-13,40,18,58
"E54000011",2023-02-14,52,50,102
"E54000011",2023-02-15,55,63,118
"E54000011",2023-02-16,67,43,110
"E54000011",2023-02-17,53,41,94
"E54000011",2023-02-18,63,68,131
"E54000011",2023-02-19,39,37,76
"E54000011",2023-02-20,39,11,50
"E54000011",2023-02-21,31,58,89
"E54000011",2023-02-22,74,32,106
"E54000011",2023-02-23,61,44,105
"E54000011",2023-02-24,66,55,121
"E54000011",2023-02-25,62,69,131
"E54000011",2023-02-26,31,29,60
"E54000011",2023-02-27,37,24,61
"E54000011",2023-02-28,49,46,95
"E54000058",2023-02-01,193,100,293
"E54000058",2023-02-02,175,108,283
"E54000058",2023-02-03,186,96,282
"E54000058",2023-02-04,145,66,211
"E54000058",2023-02-05,83,44,127
"E54000058",2023-02-06,163,84,247
"E54000058",2023-02-07,173,94,267
"E54000058",2023-02-08,194,91,285
"E54000058",2023-02-09,195,100,295
"E54000058",2023-02-10,192,106,298
"E54000058",2023-02-11,152,54,206
"E54000058",2023-02-12,112,47,159
"E54000058",2023-02-13,154,128,282
"E54000058",2023-02-14,183,89,272
"E54000058",2023-02-15,183,113,296
"E54000058",2023-02-16,193,102,295
"E54000058",2023-02-17,191,106,297
"E54000058",2023-02-18,132,64,196
"E54000058",2023-02-19,113,41,154
"E54000058",2023-02-20,128,114,242
"E54000058",2023-02-21,172,111,283
"E54000058",2023-02-22,159,113,272
"E54000058",2023-02-23,193,91,284
"E54000058",2023-02-24,188,122,310
"E54000058",2023-02-25,160,70,230
"E54000058",2023-02-26,106,43,149
"E54000058",2023-02-27,137,107,244
"E54000058",2023-02-28,169,110,279
"E54000013",2023-02-01,68,56,124
"E54000013",2023-02-02,74,57,131
"E54000013",2023-02-03,66,67,133
"E54000013",2023-02-04,29,11,40
"E54000013",2023-02-05,13,7,20
"E54000013",2023-02-06,56,73,129
"E54000013",2023-02-07,83,55,138
"E54000013",2023-02-08,63,72,135
"E54000013",2023-02-09,68,96,164
"E54000013",2023-02-10,59,49,108
"E54000013",2023-02-11,28,14,42
"E54000013",2023-02-12,24,10,34
"E54000013",2023-02-13,59,54,113
"E54000013",2023-02-14,83,56,139
"E54000013",2023-02-15,86,57,143
"E54000013",2023-02-16,77,67,144
"E54000013",2023-02-17,63,37,100
"E54000013",2023-02-18,26,20,46
"E54000013",2023-02-19,22,5,27
"E54000013",2023-02-20,73,64,137
"E54000013",2023-02-21,77,77,154
"E54000013",2023-02-22,86,59,145
"E54000013",2023-02-23,82,53,135
"E54000013",2023-02-24,71,65,136
"E54000013",2023-02-25,44,19,63
"E54000013",2023-02-26,22,11,33
"E54000013",2023-02-27,59,50,109
"E54000013",2023-02-28,69,56,125
"E54000060",2023-02-01,197,137,334
"E54000060",2023-02-02,222,130,352
"E54000060",2023-02-03,215,132,347
"E54000060",2023-02-04,240,145,385
"E54000060",2023-02-05,129,60,189
"E54000060",2023-02-06,111,39,150
"E54000060",2023-02-07,148,117,265
"E54000060",2023-02-08,224,107,331
"E54000060",2023-02-09,207,145,352
"E54000060",2023-02-10,208,137,345
"E54000060",2023-02-11,206,169,375
"E54000060",2023-02-12,123,58,181
"E54000060",2023-02-13,112,37,149
"E54000060",2023-02-14,137,122,259
"E54000060",2023-02-15,207,103,310
"E54000060",2023-02-16,199,125,324
"E54000060",2023-02-17,246,103,349
"E54000060",2023-02-18,191,129,320
"E54000060",2023-02-19,146,61,207
"E54000060",2023-02-20,97,43,140
"E54000060",2023-02-21,184,112,296
"E54000060",2023-02-22,218,123,341
"E54000060",2023-02-23,222,108,330
"E54000060",2023-02-24,203,134,337
"E54000060",2023-02-25,196,151,347
"E54000060",2023-02-26,132,56,188
"E54000060",2023-02-27,88,47,135
"E54000060",2023-02-28,165,144,309
"E54000015",2023-02-01,136,139,275
"E54000015",2023-02-02,168,116,284
"E54000015",2023-02-03,161,154,315
"E54000015",2023-02-04,124,67,191
"E54000015",2023-02-05,90,36,126
"E54000015",2023-02-06,114,121,235
"E54000015",2023-02-07,153,110,263
"E54000015",2023-02-08,163,130,293
"E54000015",2023-02-09,143,119,262
"E54000015",2023-02-10,156,163,319
"E54000015",2023-02-11,109,89,198
"E54000015",2023-02-12,85,46,131
"E54000015",2023-02-13,98,138,236
"E54000015",2023-02-14,144,134,278
"E54000015",2023-02-15,118,114,232
"E54000015",2023-02-16,149,135,284
"E54000015",2023-02-17,146,158,304
"E54000015",2023-02-18,127,69,196
"E54000015",2023-02-19,117,57,174
"E54000015",2023-02-20,122,115,237
"E54000015",2023-02-21,156,121,277
"E54000015",2023-02-22,140,125,265
"E54000015",2023-02-23,148,114,262
"E54000015",2023-02-24,155,158,313
"E54000015",2023-02-25,112,68,180
"E54000015",2023-02-26,80,38,118
"E54000015",2023-02-27,104,137,241
"E54000015",2023-02-28,149,125,274
"E54000062",2023-02-01,137,54,191
"E54000062",2023-02-02,180,124,304
"E54000062",2023-02-03,179,95,274
"E54000062",2023-02-04,148,102,250
"E54000062",2023-02-05,125,66,191
"E54000062",2023-02-06,168,69,237
"E54000062",2023-02-07,170,96,266
"E54000062",2023-02-08,198,101,299
"E54000062",2023-02-09,192,114,306
"E54000062",2023-02-10,196,125,321
"E54000062",2023-02-11,159,105,264
"E54000062",2023-02-12,104,56,160
"E54000062",2023-02-13,149,68,217
"E54000062",2023-02-14,149,92,241
"E54000062",2023-02-15,186,106,292
"E54000062",2023-02-16,192,99,291
"E54000062",2023-02-17,223,97,320
"E54000062",2023-02-18,172,110,282
"E54000062",2023-02-19,137,71,208
"E54000062",2023-02-20,130,61,191
"E54000062",2023-02-21,174,106,280
"E54000062",2023-02-22,194,122,316
"E54000062",2023-02-23,193,106,299
"E54000062",2023-02-24,189,99,288
"E54000062",2023-02-25,147,109,256
"E54000062",2023-02-26,148,66,214
"E54000062",2023-02-27,140,70,210
"E54000062",2023-02-28,150,93,243
"E54000055",2023-02-01,29,21,50
"E54000055",2023-02-02,25,24,49
"E54000055",2023-02-03,26,33,59
"E54000055",2023-02-04,25,14,39
"E54000055",2023-02-05,16,10,26
"E54000055",2023-02-06,23,23,46
"E54000055",2023-02-07,22,29,51
"E54000055",2023-02-08,20,18,38
"E54000055",2023-02-09,29,26,55
"E54000055",2023-02-10,27,29,56
"E54000055",2023-02-11,24,12,36
"E54000055",2023-02-12,13,12,25
"E54000055",2023-02-13,17,18,35
"E54000055",2023-02-14,28,17,45
"E54000055",2023-02-15,24,23,47
"E54000055",2023-02-16,31,17,48
"E54000055",2023-02-17,32,34,66
"E54000055",2023-02-18,27,13,40
"E54000055",2023-02-19,24,10,34
"E54000055",2023-02-20,15,14,29
"E54000055",2023-02-21,27,15,42
"E54000055",2023-02-22,20,20,40
"E54000055",2023-02-23,22,17,39
"E54000055",2023-02-24,31,19,50
"E54000055",2023-02-25,16,13,29
"E54000055",2023-02-26,19,10,29
"E54000055",2023-02-27,12,20,32
"E54000055",2023-02-28,18,21,39
"E54000018",2023-02-01,113,104,217
"E54000018",2023-02-02,130,87,217
"E54000018",2023-02-03,133,83,216
"E54000018",2023-02-04,99,69,168
"E54000018",2023-02-05,73,42,115
"E54000018",2023-02-06,71,64,135
"E54000018",2023-02-07,120,63,183
"E54000018",2023-02-08,122,82,204
"E54000018",2023-02-09,123,88,211
"E54000018",2023-02-10,131,67,198
"E54000018",2023-02-11,97,83,180
"E54000018",2023-02-12,71,44,115
"E54000018",2023-02-13,72,33,105
"E54000018",2023-02-14,116,66,182
"E54000018",2023-02-15,107,77,184
"E54000018",2023-02-16,117,77,194
"E54000018",2023-02-17,127,89,216
"E54000018",2023-02-18,103,58,161
"E54000018",2023-02-19,50,25,75
"E54000018",2023-02-20,71,44,115
"E54000018",2023-02-21,112,70,182
"E54000018",2023-02-22,120,98,218
"E54000018",2023-02-23,123,65,188
"E54000018",2023-02-24,141,91,232
"E54000018",2023-02-25,112,59,171
"E54000018",2023-02-26,58,45,103
"E54000018",2023-02-27,81,42,123
"E54000018",2023-02-28,123,69,192
"E54000019",2023-02-01,31,25,56
"E54000019",2023-02-02,20,27,47
"E54000019",2023-02-03,23,31,54
"E54000019",2023-02-04,30,17,47
"E54000019",2023-02-05,17,8,25
"E54000019",2023-02-06,26,15,41
"E54000019",2023-02-07,32,16,48
"E54000019",2023-02-08,28,27,55
"E54000019",2023-02-09,34,23,57
"E54000019",2023-02-10,31,25,56
"E54000019",2023-02-11,24,20,44
"E54000019",2023-02-12,19,9,28
"E54000019",2023-02-13,20,19,39
"E54000019",2023-02-14,30,6,36
"E54000019",2023-02-15,20,22,42
"E54000019",2023-02-16,34,24,58
"E54000019",2023-02-17,21,18,39
"E54000019",2023-02-18,20,9,29
"E54000019",2023-02-19,12,9,21
"E54000019",2023-02-20,13,18,31
"E54000019",2023-02-21,28,19,47
"E54000019",2023-02-22,32,21,53
"E54000019",2023-02-23,26,22,48
"E54000019",2023-02-24,27,26,53
"E54000019",2023-02-25,26,8,34
"E54000019",2023-02-26,6,8,14
"E54000019",2023-02-27,20,26,46
"E54000019",2023-02-28,25,27,52
"E54000059",2023-02-01,65,44,109
"E54000059",2023-02-02,67,55,122
"E54000059",2023-02-03,94,50,144
"E54000059",2023-02-04,108,54,162
"E54000059",2023-02-05,80,46,126
"E54000059",2023-02-06,58,19,77
"E54000059",2023-02-07,73,60,133
"E54000059",2023-02-08,79,52,131
"E54000059",2023-02-09,76,71,147
"E54000059",2023-02-10,93,69,162
"E54000059",2023-02-11,95,62,157
"E54000059",2023-02-12,80,47,127
"E54000059",2023-02-13,39,31,70
"E54000059",2023-02-14,78,57,135
"E54000059",2023-02-15,80,71,151
"E54000059",2023-02-16,77,69,146
"E54000059",2023-02-17,91,58,149
"E54000059",2023-02-18,84,71,155
"E54000059",2023-02-19,84,40,124
"E54000059",2023-02-20,47,25,72
"E54000059",2023-02-21,61,54,115
"E54000059",2023-02-22,100,29,129
"E54000059",2023-02-23,81,51,132
"E54000059",2023-02-24,96,41,137
"E54000059",2023-02-25,95,57,152
"E54000059",2023-02-26,85,41,126
"E54000059",2023-02-27,47,33,80
"E54000059",2023-02-28,64,50,114
"E54000061",2023-02-01,190,165,355
"E54000061",2023-02-02,189,155,344
"E54000061",2023-02-03,203,176,379
"E54000061",2023-02-04,175,187,362
"E54000061",2023-02-05,168,72,240
"E54000061",2023-02-06,140,141,281
"E54000061",2023-02-07,152,161,313
"E54000061",2023-02-08,187,140,327
"E54000061",2023-02-09,222,159,381
"E54000061",2023-02-10,177,166,343
"E54000061",2023-02-11,204,138,342
"E54000061",2023-02-12,155,71,226
"E54000061",2023-02-13,132,130,262
"E54000061",2023-02-14,129,187,316
"E54000061",2023-02-15,178,183,361
"E54000061",2023-02-16,178,146,324
"E54000061",2023-02-17,192,200,392
"E54000061",2023-02-18,166,165,331
"E54000061",2023-02-19,138,104,242
"E54000061",2023-02-20,116,111,227
"E54000061",2023-02-21,141,189,330
"E54000061",2023-02-22,193,178,371
"E54000061",2023-02-23,176,234,410
"E54000061",2023-02-24,203,152,355
"E54000061",2023-02-25,172,163,335
"E54000061",2023-02-26,161,82,243
"E54000061",2023-02-27,86,92,178
"E54000061",2023-02-28,153,142,295
"E54000050",2023-02-01,378,324,702
"E54000050",2023-02-02,355,323,678
"E54000050",2023-02-03,448,327,775
"E54000050",2023-02-04,367,303,670
"E54000050",2023-02-05,280,225,505
"E54000050",2023-02-06,282,237,519
"E54000050",2023-02-07,347,299,646
"E54000050",2023-02-08,387,341,728
"E54000050",2023-02-09,368,357,725
"E54000050",2023-02-10,457,283,740
"E54000050",2023-02-11,337,284,621
"E54000050",2023-02-12,267,217,484
"E54000050",2023-02-13,275,268,543
"E54000050",2023-02-14,388,333,721
"E54000050",2023-02-15,405,284,689
"E54000050",2023-02-16,372,308,680
"E54000050",2023-02-17,462,309,771
"E54000050",2023-02-18,343,296,639
"E54000050",2023-02-19,273,214,487
"E54000050",2023-02-20,269,244,513
"E54000050",2023-02-21,369,322,691
"E54000050",2023-02-22,414,326,740
"E54000050",2023-02-23,411,308,719
"E54000050",2023-02-24,363,283,646
"E54000050",2023-02-25,345,262,607
"E54000050",2023-02-26,285,194,479
"E54000050",2023-02-27,283,222,505
"E54000050",2023-02-28,390,316,706
"E54000051",2023-02-01,197,149,346
"E54000051",2023-02-02,215,146,361
"E54000051",2023-02-03,204,155,359
"E54000051",2023-02-04,144,59,203
"E54000051",2023-02-05,112,43,155
"E54000051",2023-02-06,134,149,283
"E54000051",2023-02-07,171,140,311
"E54000051",2023-02-08,166,146,312
"E54000051",2023-02-09,201,158,359
"E54000051",2023-02-10,209,166,375
"E54000051",2023-02-11,113,60,173
"E54000051",2023-02-12,79,53,132
"E54000051",2023-02-13,176,125,301
"E54000051",2023-02-14,203,150,353
"E54000051",2023-02-15,183,141,324
"E54000051",2023-02-16,201,147,348
"E54000051",2023-02-17,191,174,365
"E54000051",2023-02-18,136,54,190
"E54000051",2023-02-19,103,55,158
"E54000051",2023-02-20,187,160,347
"E54000051",2023-02-21,244,123,367
"E54000051",2023-02-22,194,125,319
"E54000051",2023-02-23,217,134,351
"E54000051",2023-02-24,206,179,385
"E54000051",2023-02-25,96,36,132
"E54000051",2023-02-26,103,52,155
"E54000051",2023-02-27,175,165,340
"E54000051",2023-02-28,234,171,405
"E54000054",2023-02-01,319,209,528
"E54000054",2023-02-02,327,212,539
"E54000054",2023-02-03,330,231,561
"E54000054",2023-02-04,298,234,532
"E54000054",2023-02-05,267,169,436
"E54000054",2023-02-06,237,156,393
"E54000054",2023-02-07,269,231,500
"E54000054",2023-02-08,297,262,559
"E54000054",2023-02-09,311,208,519
"E54000054",2023-02-10,347,227,574
"E54000054",2023-02-11,261,188,449
"E54000054",2023-02-12,238,125,363
"E54000054",2023-02-13,216,159,375
"E54000054",2023-02-14,298,190,488
"E54000054",2023-02-15,312,218,530
"E54000054",2023-02-16,333,218,551
"E54000054",2023-02-17,362,229,591
"E54000054",2023-02-18,277,172,449
"E54000054",2023-02-19,195,146,341
"E54000054",2023-02-20,251,186,437
"E54000054",2023-02-21,283,188,471
"E54000054",2023-02-22,351,195,546
"E54000054",2023-02-23,352,230,582
"E54000054",2023-02-24,354,254,608
"E54000054",2023-02-25,274,174,448
"E54000054",2023-02-26,184,136,320
"E54000054",2023-02-27,231,154,385
"E54000054",2023-02-28,297,251,548
"E54000057",2023-02-01,254,156,410
"E54000057",2023-02-02,271,164,435
"E54000057",2023-02-03,263,167,430
"E54000057",2023-02-04,152,91,243
"E54000057",2023-02-05,124,62,186
"E54000057",2023-02-06,238,154,392
"E54000057",2023-02-07,293,154,447
"E54000057",2023-02-08,291,164,455
"E54000057",2023-02-09,261,177,438
"E54000057",2023-02-10,276,155,431
"E54000057",2023-02-11,175,89,264
"E54000057",2023-02-12,111,59,170
"E54000057",2023-02-13,167,154,321
"E54000057",2023-02-14,255,154,409
"E54000057",2023-02-15,293,167,460
"E54000057",2023-02-16,277,147,424
"E54000057",2023-02-17,272,181,453
"E54000057",2023-02-18,157,95,252
"E54000057",2023-02-19,107,60,167
"E54000057",2023-02-20,221,137,358
"E54000057",2023-02-21,253,166,419
"E54000057",2023-02-22,269,171,440
"E54000057",2023-02-23,214,137,351
"E54000057",2023-02-24,245,153,398
"E54000057",2023-02-25,126,91,217
"E54000057",2023-02-26,145,54,199
"E54000057",2023-02-27,202,161,363
"E54000057",2023-02-28,220,164,384
"E54000008",2023-02-01,259,146,405
"E54000008",2023-02-02,228,146,374
"E54000008",2023-02-03,251,172,423
"E54000008",2023-02-04,147,104,251
"E54000008",2023-02-05,98,76,174
"E54000008",2023-02-06,210,156,366
"E54000008",2023-02-07,223,173,396
"E54000008",2023-02-08,223,145,368
"E54000008",2023-02-09,264,160,424
"E54000008",2023-02-10,270,156,426
"E54000008",2023-02-11,150,66,216
"E54000008",2023-02-12,98,39,137
"E54000008",2023-02-13,207,155,362
"E54000008",2023-02-14,221,156,377
"E54000008",2023-02-15,226,171,397
"E54000008",2023-02-16,248,167,415
"E54000008",2023-02-17,251,165,416
"E54000008",2023-02-18,157,98,255
"E54000008",2023-02-19,106,59,165
"E54000008",2023-02-20,189,161,350
"E54000008",2023-02-21,243,178,421
"E54000008",2023-02-22,252,160,412
"E54000008",2023-02-23,253,161,414
"E54000008",2023-02-24,250,197,447
"E54000008",2023-02-25,144,95,239
"E54000008",2023-02-26,110,54,164
"E54000008",2023-02-27,199,192,391
"E54000008",2023-02-28,288,175,463
"E54000048",2023-02-01,207,156,363
"E54000048",2023-02-02,209,161,370
"E54000048",2023-02-03,213,184,397
"E54000048",2023-02-04,166,119,285
"E54000048",2023-02-05,121,60,181
"E54000048",2023-02-06,138,149,287
"E54000048",2023-02-07,190,171,361
"E54000048",2023-02-08,220,144,364
"E54000048",2023-02-09,219,144,363
"E54000048",2023-02-10,210,172,382
"E54000048",2023-02-11,192,101,293
"E54000048",2023-02-12,109,79,188
"E54000048",2023-02-13,160,165,325
"E54000048",2023-02-14,199,166,365
"E54000048",2023-02-15,208,125,333
"E54000048",2023-02-16,223,158,381
"E54000048",2023-02-17,216,180,396
"E54000048",2023-02-18,150,97,247
"E54000048",2023-02-19,104,57,161
"E54000048",2023-02-20,155,143,298
"E54000048",2023-02-21,197,171,368
"E54000048",2023-02-22,218,165,383
"E54000048",2023-02-23,208,169,377
"E54000048",2023-02-24,216,175,391
"E54000048",2023-02-25,156,113,269
"E54000048",2023-02-26,100,81,181
"E54000048",2023-02-27,130,154,284
"E54000048",2023-02-28,195,178,373
"E54000032",2023-02-01,190,144,334
"E54000032",2023-02-02,179,129,308
"E54000032",2023-02-03,201,140,341
"E54000032",2023-02-04,128,70,198
"E54000032",2023-02-05,99,40,139
"E54000032",2023-02-06,157,143,300
"E54000032",2023-02-07,203,154,357
"E54000032",2023-02-08,195,138,333
"E54000032",2023-02-09,195,141,336
"E54000032",2023-02-10,207,144,351
"E54000032",2023-02-11,125,91,216
"E54000032",2023-02-12,92,75,167
"E54000032",2023-02-13,139,129,268
"E54000032",2023-02-14,151,147,298
"E54000032",2023-02-15,197,131,328
"E54000032",2023-02-16,178,120,298
"E54000032",2023-02-17,197,165,362
"E54000032",2023-02-18,136,53,189
"E54000032",2023-02-19,91,54,145
"E54000032",2023-02-20,131,110,241
"E54000032",2023-02-21,160,149,309
"E54000032",2023-02-22,179,134,313
"E54000032",2023-02-23,193,139,332
"E54000032",2023-02-24,172,153,325
"E54000032",2023-02-25,140,73,213
"E54000032",2023-02-26,101,36,137
"E54000032",2023-02-27,140,133,273
"E54000032",2023-02-28,177,139,316
"E54000034",2023-02-01,55,70,125
"E54000034",2023-02-02,45,70,115
"E54000034",2023-02-03,60,83,143
"E54000034",2023-02-04,39,45,84
"E54000034",2023-02-05,52,19,71
"E54000034",2023-02-06,46,61,107
"E54000034",2023-02-07,36,67,103
"E54000034",2023-02-08,55,70,125
"E54000034",2023-02-09,45,70,115
"E54000034",2023-02-10,60,83,143
"E54000034",2023-02-11,39,45,84
"E54000034",2023-02-12,56,19,75
"E54000034",2023-02-13,50,47,97
"E54000034",2023-02-14,46,41,87
"E54000034",2023-02-15,55,46,101
"E54000034",2023-02-16,51,40,91
"E54000034",2023-02-17,54,63,117
"E54000034",2023-02-18,23,30,53
"E54000034",2023-02-19,21,19,40
"E54000034",2023-02-20,36,41,77
"E54000034",2023-02-21,31,49,80
"E54000034",2023-02-22,37,51,88
"E54000034",2023-02-23,29,54,83
"E54000034",2023-02-24,35,72,107
"E54000034",2023-02-25,40,40,80
"E54000034",2023-02-26,37,18,55
"E54000034",2023-02-27,25,36,61
"E54000034",2023-02-28,36,48,84
"E54000042",2023-02-01,361,177,538
"E54000042",2023-02-02,410,206,616
"E54000042",2023-02-03,371,254,625
"E54000042",2023-02-04,217,99,316
"E54000042",2023-02-05,172,53,225
"E54000042",2023-02-06,272,144,416
"E54000042",2023-02-07,286,184,470
"E54000042",2023-02-08,372,195,567
"E54000042",2023-02-09,397,218,615
"E54000042",2023-02-10,417,223,640
"E54000042",2023-02-11,155,104,259
"E54000042",2023-02-12,152,61,213
"E54000042",2023-02-13,283,151,434
"E54000042",2023-02-14,395,200,595
"E54000042",2023-02-15,388,203,591
"E54000042",2023-02-16,375,182,557
"E54000042",2023-02-17,371,207,578
"E54000042",2023-02-18,216,85,301
"E54000042",2023-02-19,139,64,203
"E54000042",2023-02-20,313,196,509
"E54000042",2023-02-21,359,221,580
"E54000042",2023-02-22,392,189,581
"E54000042",2023-02-23,398,187,585
"E54000042",2023-02-24,435,229,664
"E54000042",2023-02-25,193,99,292
"E54000042",2023-02-26,158,88,246
"E54000042",2023-02-27,85,61,146
"E54000042",2023-02-28,116,82,198
"E54000044",2023-02-01,178,130,308
"E54000044",2023-02-02,205,134,339
"E54000044",2023-02-03,200,179,379
"E54000044",2023-02-04,149,122,271
"E54000044",2023-02-05,140,59,199
"E54000044",2023-02-06,160,90,250
"E54000044",2023-02-07,198,97,295
"E54000044",2023-02-08,190,129,319
"E54000044",2023-02-09,188,134,322
"E54000044",2023-02-10,225,159,384
"E54000044",2023-02-11,135,91,226
"E54000044",2023-02-12,120,49,169
"E54000044",2023-02-13,87,81,168
"E54000044",2023-02-14,115,68,183
"E54000044",2023-02-15,97,85,182
"E54000044",2023-02-16,101,78,179
"E54000044",2023-02-17,125,103,228
"E54000044",2023-02-18,71,78,149
"E54000044",2023-02-19,74,33,107
"E54000044",2023-02-20,157,97,254
"E54000044",2023-02-21,201,115,316
"E54000044",2023-02-22,221,131,352
"E54000044",2023-02-23,208,125,333
"E54000044",2023-02-24,221,144,365
"E54000044",2023-02-25,198,94,292
"E54000044",2023-02-26,119,45,164
"E54000044",2023-02-27,159,71,230
"E54000044",2023-02-28,189,100,289
"E54000052",2023-02-01,92,72,164
"E54000052",2023-02-02,126,42,168
"E54000052",2023-02-03,125,79,204
"E54000052",2023-02-04,133,68,201
"E54000052",2023-02-05,86,35,121
"E54000052",2023-02-06,103,46,149
"E54000052",2023-02-07,86,63,149
"E54000052",2023-02-08,117,72,189
"E54000052",2023-02-09,99,84,183
"E54000052",2023-02-10,132,61,193
"E54000052",2023-02-11,116,71,187
"E54000052",2023-02-12,84,28,112
"E54000052",2023-02-13,69,41,110
"E54000052",2023-02-14,113,60,173
"E54000052",2023-02-15,100,73,173
"E54000052",2023-02-16,132,95,227
"E54000052",2023-02-17,138,58,196
"E54000052",2023-02-18,104,40,144
"E54000052",2023-02-19,90,27,117
"E54000052",2023-02-20,68,41,109
"E54000052",2023-02-21,105,65,170
"E54000052",2023-02-22,109,83,192
"E54000052",2023-02-23,95,66,161
"E54000052",2023-02-24,105,92,197
"E54000052",2023-02-25,108,48,156
"E54000052",2023-02-26,105,33,138
"E54000052",2023-02-27,62,54,116
"E54000052",2023-02-28,91,70,161
"E54000053",2023-02-01,238,123,361
"E54000053",2023-02-02,215,133,348
"E54000053",2023-02-03,277,158,435
"E54000053",2023-02-04,204,71,275
"E54000053",2023-02-05,179,68,247
"E54000053",2023-02-06,181,133,314
"E54000053",2023-02-07,200,146,346
"E54000053",2023-02-08,204,162,366
"E54000053",2023-02-09,249,167,416
"E54000053",2023-02-10,294,166,460
"E54000053",2023-02-11,158,98,256
"E54000053",2023-02-12,113,50,163
"E54000053",2023-02-13,171,146,317
"E54000053",2023-02-14,221,128,349
"E54000053",2023-02-15,176,147,323
"E54000053",2023-02-16,196,141,337
"E54000053",2023-02-17,186,153,339
"E54000053",2023-02-18,153,108,261
"E54000053",2023-02-19,150,94,244
"E54000053",2023-02-20,162,119,281
"E54000053",2023-02-21,197,154,351
"E54000053",2023-02-22,236,132,368
"E54000053",2023-02-23,230,136,366
"E54000053",2023-02-24,212,153,365
"E54000053",2023-02-25,160,64,224
"E54000053",2023-02-26,130,72,202
"E54000053",2023-02-27,190,132,322
"E54000053",2023-02-28,204,125,329
"E54000036",2023-02-01,58,46,104
"E54000036",2023-02-02,52,44,96
"E54000036",2023-02-03,64,60,124
"E54000036",2023-02-04,59,35,94
"E54000036",2023-02-05,30,19,49
"E54000036",2023-02-06,42,45,87
"E54000036",2023-02-07,42,41,83
"E54000036",2023-02-08,42,41,83
"E54000036",2023-02-09,69,47,116
"E54000036",2023-02-10,52,49,101
"E54000036",2023-02-11,45,22,67
"E54000036",2023-02-12,0,0,0
"E54000036",2023-02-13,35,41,76
"E54000036",2023-02-14,50,50,100
"E54000036",2023-02-15,56,29,85
"E54000036",2023-02-16,64,57,121
"E54000036",2023-02-17,52,53,105
"E54000036",2023-02-18,53,21,74
"E54000036",2023-02-19,39,18,57
"E54000036",2023-02-20,42,39,81
"E54000036",2023-02-21,56,42,98
"E54000036",2023-02-22,45,47,92
"E54000036",2023-02-23,54,42,96
"E54000036",2023-02-24,58,58,116
"E54000036",2023-02-25,42,38,80
"E54000036",2023-02-26,34,20,54
"E54000036",2023-02-27,39,32,71
"E54000036",2023-02-28,38,48,86
"E54000037",2023-02-01,170,111,281
"E54000037",2023-02-02,194,113,307
"E54000037",2023-02-03,205,142,347
"E54000037",2023-02-04,166,95,261
"E54000037",2023-02-05,110,56,166
"E54000037",2023-02-06,148,88,236
"E54000037",2023-02-07,161,120,281
"E54000037",2023-02-08,180,119,299
"E54000037",2023-02-09,176,110,286
"E54000037",2023-02-10,205,108,313
"E54000037",2023-02-11,150,82,232
"E54000037",2023-02-12,117,57,174
"E54000037",2023-02-13,154,81,235
"E54000037",2023-02-14,165,110,275
"E54000037",2023-02-15,186,97,283
"E54000037",2023-02-16,188,110,298
"E54000037",2023-02-17,208,135,343
"E54000037",2023-02-18,156,98,254
"E54000037",2023-02-19,165,57,222
"E54000037",2023-02-20,126,81,207
"E54000037",2023-02-21,174,110,284
"E54000037",2023-02-22,180,100,280
"E54000037",2023-02-23,178,104,282
"E54000037",2023-02-24,204,116,320
"E54000037",2023-02-25,170,90,260
"E54000037",2023-02-26,105,44,149
"E54000037",2023-02-27,140,74,214
"E54000037",2023-02-28,190,110,300
"E54000038",2023-02-01,91,24,115
"E54000038",2023-02-02,64,20,84
"E54000038",2023-02-03,105,44,149
"E54000038",2023-02-04,56,12,68
"E54000038",2023-02-05,43,5,48
"E54000038",2023-02-06,52,27,79
"E54000038",2023-02-07,87,42,129
"E54000038",2023-02-08,67,29,96
"E54000038",2023-02-09,94,30,124
"E54000038",2023-02-10,106,46,152
"E54000038",2023-02-11,55,16,71
"E54000038",2023-02-12,43,10,53
"E54000038",2023-02-13,61,20,81
"E54000038",2023-02-14,67,59,126
"E54000038",2023-02-15,98,36,134
"E54000038",2023-02-16,83,34,117
"E54000038",2023-02-17,105,44,149
"E54000038",2023-02-18,80,26,106
"E54000038",2023-02-19,36,21,57
"E54000038",2023-02-20,67,33,100
"E54000038",2023-02-21,93,48,141
"E54000038",2023-02-22,85,39,124
"E54000038",2023-02-23,101,26,127
"E54000038",2023-02-24,102,57,159
"E54000038",2023-02-25,85,26,111
"E54000038",2023-02-26,34,14,48
"E54000038",2023-02-27,63,38,101
"E54000038",2023-02-28,115,45,160
"E54000039",2023-02-01,114,118,232
"E54000039",2023-02-02,143,100,243
"E54000039",2023-02-03,125,148,273
"E54000039",2023-02-04,93,62,155
"E54000039",2023-02-05,56,61,117
"E54000039",2023-02-06,110,101,211
"E54000039",2023-02-07,100,115,215
"E54000039",2023-02-08,117,119,236
"E54000039",2023-02-09,111,117,228
"E54000039",2023-02-10,121,131,252
"E54000039",2023-02-11,92,58,150
"E54000039",2023-02-12,63,55,118
"E54000039",2023-02-13,120,110,230
"E54000039",2023-02-14,134,95,229
"E54000039",2023-02-15,127,125,252
"E54000039",2023-02-16,136,105,241
"E54000039",2023-02-17,137,134,271
"E54000039",2023-02-18,67,80,147
"E54000039",2023-02-19,52,50,102
"E54000039",2023-02-20,105,84,189
"E54000039",2023-02-21,111,114,225
"E54000039",2023-02-22,117,122,239
"E54000039",2023-02-23,114,124,238
"E54000039",2023-02-24,147,100,247
"E54000039",2023-02-25,72,58,130
"E54000039",2023-02-26,57,48,105
"E54000039",2023-02-27,123,103,226
"E54000039",2023-02-28,107,122,229
"E54000040",2023-02-01,173,105,278
"E54000040",2023-02-02,165,109,274
"E54000040",2023-02-03,150,153,303
"E54000040",2023-02-04,129,68,197
"E54000040",2023-02-05,119,51,170
"E54000040",2023-02-06,137,86,223
"E54000040",2023-02-07,148,102,250
"E54000040",2023-02-08,170,107,277
"E54000040",2023-02-09,183,97,280
"E54000040",2023-02-10,166,120,286
"E54000040",2023-02-11,138,92,230
"E54000040",2023-02-12,92,41,133
"E54000040",2023-02-13,121,69,190
"E54000040",2023-02-14,135,117,252
"E54000040",2023-02-15,172,99,271
"E54000040",2023-02-16,152,107,259
"E54000040",2023-02-17,168,116,284
"E54000040",2023-02-18,137,71,208
"E54000040",2023-02-19,93,53,146
"E54000040",2023-02-20,106,58,164
"E54000040",2023-02-21,130,122,252
"E54000040",2023-02-22,181,100,281
"E54000040",2023-02-23,163,98,261
"E54000040",2023-02-24,201,75,276
"E54000040",2023-02-25,191,111,302
"E54000040",2023-02-26,78,65,143
"E54000040",2023-02-27,108,81,189
"E54000040",2023-02-28,169,123,292
"E54000041",2023-02-01,96,32,128
"E54000041",2023-02-02,84,51,135
"E54000041",2023-02-03,117,52,169
"E54000041",2023-02-04,51,26,77
"E54000041",2023-02-05,41,26,67
"E54000041",2023-02-06,76,40,116
"E54000041",2023-02-07,96,34,130
"E54000041",2023-02-08,76,35,111
"E54000041",2023-02-09,85,26,111
"E54000041",2023-02-10,100,53,153
"E54000041",2023-02-11,53,39,92
"E54000041",2023-02-12,44,11,55
"E54000041",2023-02-13,62,43,105
"E54000041",2023-02-14,90,34,124
"E54000041",2023-02-15,89,41,130
"E54000041",2023-02-16,74,35,109
"E54000041",2023-02-17,115,38,153
"E54000041",2023-02-18,69,29,98
"E54000041",2023-02-19,44,16,60
"E54000041",2023-02-20,75,40,115
"E54000041",2023-02-21,107,42,149
"E54000041",2023-02-22,92,49,141
"E54000041",2023-02-23,95,38,133
"E54000041",2023-02-24,125,67,192
"E54000041",2023-02-25,43,34,77
"E54000041",2023-02-26,33,21,54
"E54000041",2023-02-27,58,44,102
"E54000041",2023-02-28,106,54,160
"E54000043",2023-02-01,49,16,65
"E54000043",2023-02-02,45,20,65
"E54000043",2023-02-03,61,30,91
"E54000043",2023-02-04,33,8,41
"E54000043",2023-02-05,33,8,41
"E54000043",2023-02-06,51,26,77
"E54000043",2023-02-07,61,22,83
"E54000043",2023-02-08,47,24,71
"E54000043",2023-02-09,45,29,74
"E54000043",2023-02-10,61,25,86
"E54000043",2023-02-11,37,11,48
"E54000043",2023-02-12,36,3,39
"E54000043",2023-02-13,55,23,78
"E54000043",2023-02-14,55,20,75
"E54000043",2023-02-15,40,35,75
"E54000043",2023-02-16,55,15,70
"E54000043",2023-02-17,63,23,86
"E54000043",2023-02-18,39,9,48
"E54000043",2023-02-19,27,10,37
"E54000043",2023-02-20,48,18,66
"E54000043",2023-02-21,49,23,72
"E54000043",2023-02-22,56,28,84
"E54000043",2023-02-23,46,28,74
"E54000043",2023-02-24,62,32,94
"E54000043",2023-02-25,42,6,48
"E54000043",2023-02-26,34,7,41
"E54000043",2023-02-27,51,33,84
"E54000043",2023-02-28,45,24,69
"E54000056",2023-03-01,138,100,238
"E54000056",2023-03-02,148,111,259
"E54000056",2023-03-03,121,101,222
"E54000056",2023-03-04,105,79,184
"E54000056",2023-03-05,69,46,115
"E54000056",2023-03-06,90,60,150
"E54000056",2023-03-07,111,68,179
"E54000056",2023-03-08,131,103,234
"E54000056",2023-03-09,127,94,221
"E54000056",2023-03-10,135,102,237
"E54000056",2023-03-11,113,87,200
"E54000056",2023-03-12,67,63,130
"E54000056",2023-03-13,108,45,153
"E54000056",2023-03-14,142,60,202
"E54000056",2023-03-15,128,86,214
"E54000056",2023-03-16,116,76,192
"E54000056",2023-03-17,116,95,211
"E54000056",2023-03-18,112,79,191
"E54000056",2023-03-19,65,42,107
"E54000056",2023-03-20,94,59,153
"E54000056",2023-03-21,103,103,206
"E54000056",2023-03-22,118,88,206
"E54000056",2023-03-23,156,91,247
"E54000056",2023-03-24,116,100,216
"E54000056",2023-03-25,69,59,128
"E54000056",2023-03-26,61,33,94
"E54000056",2023-03-27,83,53,136
"E54000056",2023-03-28,111,92,203
"E54000056",2023-03-29,109,99,208
"E54000056",2023-03-30,142,91,233
"E54000056",2023-03-31,119,95,214
"E54000022",2023-03-01,195,102,297
"E54000022",2023-03-02,206,112,318
"E54000022",2023-03-03,177,99,276
"E54000022",2023-03-04,125,55,180
"E54000022",2023-03-05,117,24,141
"E54000022",2023-03-06,136,68,204
"E54000022",2023-03-07,174,100,274
"E54000022",2023-03-08,176,105,281
"E54000022",2023-03-09,187,94,281
"E54000022",2023-03-10,186,104,290
"E54000022",2023-03-11,162,89,251
"E54000022",2023-03-12,108,37,145
"E54000022",2023-03-13,118,56,174
"E54000022",2023-03-14,155,112,267
"E54000022",2023-03-15,196,84,280
"E54000022",2023-03-16,145,104,249
"E54000022",2023-03-17,172,112,284
"E54000022",2023-03-18,136,94,230
"E54000022",2023-03-19,119,61,180
"E54000022",2023-03-20,123,67,190
"E54000022",2023-03-21,161,126,287
"E54000022",2023-03-22,175,81,256
"E54000022",2023-03-23,159,107,266
"E54000022",2023-03-24,161,113,274
"E54000022",2023-03-25,142,80,222
"E54000022",2023-03-26,123,38,161
"E54000022",2023-03-27,125,62,187
"E54000022",2023-03-28,153,111,264
"E54000022",2023-03-29,161,105,266
"E54000022",2023-03-30,173,121,294
"E54000022",2023-03-31,179,97,276
"E54000023",2023-03-01,132,83,215
"E54000023",2023-03-02,141,99,240
"E54000023",2023-03-03,138,98,236
"E54000023",2023-03-04,97,52,149
"E54000023",2023-03-05,66,43,109
"E54000023",2023-03-06,98,74,172
"E54000023",2023-03-07,135,76,211
"E54000023",2023-03-08,163,85,248
"E54000023",2023-03-09,141,88,229
"E54000023",2023-03-10,157,93,250
"E54000023",2023-03-11,98,59,157
"E54000023",2023-03-12,78,29,107
"E54000023",2023-03-13,130,72,202
"E54000023",2023-03-14,167,87,254
"E54000023",2023-03-15,141,87,228
"E54000023",2023-03-16,108,89,197
"E54000023",2023-03-17,152,94,246
"E54000023",2023-03-18,101,50,151
"E54000023",2023-03-19,62,43,105
"E54000023",2023-03-20,98,77,175
"E54000023",2023-03-21,153,96,249
"E54000023",2023-03-22,147,99,246
"E54000023",2023-03-23,149,97,246
"E54000023",2023-03-24,157,106,263
"E54000023",2023-03-25,95,52,147
"E54000023",2023-03-26,67,31,98
"E54000023",2023-03-27,132,100,232
"E54000023",2023-03-28,156,83,239
"E54000023",2023-03-29,167,104,271
"E54000023",2023-03-30,163,90,253
"E54000023",2023-03-31,128,125,253
"E54000024",2023-03-01,127,48,175
"E54000024",2023-03-02,120,53,173
"E54000024",2023-03-03,138,47,185
"E54000024",2023-03-04,82,47,129
"E54000024",2023-03-05,58,38,96
"E54000024",2023-03-06,83,50,133
"E54000024",2023-03-07,110,89,199
"E54000024",2023-03-08,119,66,185
"E54000024",2023-03-09,118,63,181
"E54000024",2023-03-10,107,31,138
"E54000024",2023-03-11,59,38,97
"E54000024",2023-03-12,56,57,113
"E54000024",2023-03-13,114,46,160
"E54000024",2023-03-14,155,57,212
"E54000024",2023-03-15,122,55,177
"E54000024",2023-03-16,125,78,203
"E54000024",2023-03-17,116,63,179
"E54000024",2023-03-18,92,38,130
"E54000024",2023-03-19,61,25,86
"E54000024",2023-03-20,114,60,174
"E54000024",2023-03-21,146,78,224
"E54000024",2023-03-22,118,85,203
"E54000024",2023-03-23,123,66,189
"E54000024",2023-03-24,122,54,176
"E54000024",2023-03-25,74,29,103
"E54000024",2023-03-26,55,37,92
"E54000024",2023-03-27,38,11,49
"E54000024",2023-03-28,44,23,67
"E54000024",2023-03-29,43,28,71
"E54000024",2023-03-30,52,23,75
"E54000024",2023-03-31,58,17,75
"E54000025",2023-03-01,163,95,258
"E54000025",2023-03-02,137,81,218
"E54000025",2023-03-03,114,95,209
"E54000025",2023-03-04,83,52,135
"E54000025",2023-03-05,58,43,101
"E54000025",2023-03-06,111,93,204
"E54000025",2023-03-07,139,77,216
"E54000025",2023-03-08,140,106,246
"E54000025",2023-03-09,129,88,217
"E54000025",2023-03-10,147,130,277
"E54000025",2023-03-11,110,51,161
"E54000025",2023-03-12,79,41,120
"E54000025",2023-03-13,118,100,218
"E54000025",2023-03-14,147,79,226
"E54000025",2023-03-15,130,72,202
"E54000025",2023-03-16,142,84,226
"E54000025",2023-03-17,118,90,208
"E54000025",2023-03-18,70,71,141
"E54000025",2023-03-19,95,37,132
"E54000025",2023-03-20,93,103,196
"E54000025",2023-03-21,143,97,240
"E54000025",2023-03-22,138,104,242
"E54000025",2023-03-23,153,102,255
"E54000025",2023-03-24,162,100,262
"E54000025",2023-03-25,99,66,165
"E54000025",2023-03-26,76,35,111
"E54000025",2023-03-27,102,98,200
"E54000025",2023-03-28,168,110,278
"E54000025",2023-03-29,131,102,233
"E54000025",2023-03-30,137,106,243
"E54000025",2023-03-31,141,119,260
"E54000026",2023-03-01,236,25,261
"E54000026",2023-03-02,228,16,244
"E54000026",2023-03-03,241,21,262
"E54000026",2023-03-04,159,15,174
"E54000026",2023-03-05,117,10,127
"E54000026",2023-03-06,219,15,234
"E54000026",2023-03-07,251,18,269
"E54000026",2023-03-08,278,17,295
"E54000026",2023-03-09,230,15,245
"E54000026",2023-03-10,281,15,296
"E54000026",2023-03-11,159,9,168
"E54000026",2023-03-12,119,6,125
"E54000026",2023-03-13,215,18,233
"E54000026",2023-03-14,233,16,249
"E54000026",2023-03-15,285,21,306
"E54000026",2023-03-16,207,16,223
"E54000026",2023-03-17,236,17,253
"E54000026",2023-03-18,170,9,179
"E54000026",2023-03-19,135,3,138
"E54000026",2023-03-20,198,13,211
"E54000026",2023-03-21,273,19,292
"E54000026",2023-03-22,231,20,251
"E54000026",2023-03-23,240,18,258
"E54000026",2023-03-24,256,17,273
"E54000026",2023-03-25,176,8,184
"E54000026",2023-03-26,120,6,126
"E54000026",2023-03-27,214,14,228
"E54000026",2023-03-28,263,16,279
"E54000026",2023-03-29,246,20,266
"E54000026",2023-03-30,267,17,284
"E54000026",2023-03-31,266,16,282
"E54000027",2023-03-01,248,124,372
"E54000027",2023-03-02,230,157,387
"E54000027",2023-03-03,227,180,407
"E54000027",2023-03-04,200,85,285
"E54000027",2023-03-05,129,40,169
"E54000027",2023-03-06,183,118,301
"E54000027",2023-03-07,217,121,338
"E54000027",2023-03-08,202,129,331
"E54000027",2023-03-09,186,113,299
"E54000027",2023-03-10,189,104,293
"E54000027",2023-03-11,141,90,231
"E54000027",2023-03-12,126,44,170
"E54000027",2023-03-13,180,82,262
"E54000027",2023-03-14,230,93,323
"E54000027",2023-03-15,209,92,301
"E54000027",2023-03-16,186,82,268
"E54000027",2023-03-17,231,135,366
"E54000027",2023-03-18,193,85,278
"E54000027",2023-03-19,146,44,190
"E54000027",2023-03-20,166,80,246
"E54000027",2023-03-21,206,120,326
"E54000027",2023-03-22,189,132,321
"E54000027",2023-03-23,252,100,352
"E54000027",2023-03-24,247,99,346
"E54000027",2023-03-25,182,84,266
"E54000027",2023-03-26,112,46,158
"E54000027",2023-03-27,168,73,241
"E54000027",2023-03-28,224,102,326
"E54000027",2023-03-29,226,106,332
"E54000027",2023-03-30,251,130,381
"E54000027",2023-03-31,255,115,370
"E54000028",2023-03-01,180,144,324
"E54000028",2023-03-02,167,156,323
"E54000028",2023-03-03,186,155,341
"E54000028",2023-03-04,191,136,327
"E54000028",2023-03-05,132,105,237
"E54000028",2023-03-06,97,102,199
"E54000028",2023-03-07,152,115,267
"E54000028",2023-03-08,202,138,340
"E54000028",2023-03-09,174,169,343
"E54000028",2023-03-10,178,143,321
"E54000028",2023-03-11,158,121,279
"E54000028",2023-03-12,106,89,195
"E54000028",2023-03-13,97,91,188
"E54000028",2023-03-14,144,104,248
"E54000028",2023-03-15,167,107,274
"E54000028",2023-03-16,170,125,295
"E54000028",2023-03-17,138,133,271
"E54000028",2023-03-18,168,131,299
"E54000028",2023-03-19,114,82,196
"E54000028",2023-03-20,108,120,228
"E54000028",2023-03-21,93,115,208
"E54000028",2023-03-22,119,81,200
"E54000028",2023-03-23,68,58,126
"E54000028",2023-03-24,79,71,150
"E54000028",2023-03-25,89,54,143
"E54000028",2023-03-26,37,30,67
"E54000028",2023-03-27,72,59,131
"E54000028",2023-03-28,120,135,255
"E54000028",2023-03-29,152,109,261
"E54000028",2023-03-30,141,102,243
"E54000028",2023-03-31,162,144,306
"E54000029",2023-03-01,106,110,216
"E54000029",2023-03-02,181,171,352
"E54000029",2023-03-03,154,186,340
"E54000029",2023-03-04,191,146,337
"E54000029",2023-03-05,125,78,203
"E54000029",2023-03-06,114,113,227
"E54000029",2023-03-07,140,138,278
"E54000029",2023-03-08,189,189,378
"E54000029",2023-03-09,178,155,333
"E54000029",2023-03-10,175,190,365
"E54000029",2023-03-11,170,151,321
"E54000029",2023-03-12,120,102,222
"E54000029",2023-03-13,116,112,228
"E54000029",2023-03-14,152,148,300
"E54000029",2023-03-15,135,148,283
"E54000029",2023-03-16,136,139,275
"E54000029",2023-03-17,156,170,326
"E54000029",2023-03-18,137,141,278
"E54000029",2023-03-19,108,87,195
"E54000029",2023-03-20,90,105,195
"E54000029",2023-03-21,117,168,285
"E54000029",2023-03-22,172,140,312
"E54000029",2023-03-23,154,155,309
"E54000029",2023-03-24,186,162,348
"E54000029",2023-03-25,140,126,266
"E54000029",2023-03-26,81,87,168
"E54000029",2023-03-27,121,120,241
"E54000029",2023-03-28,153,174,327
"E54000029",2023-03-29,154,152,306
"E54000029",2023-03-30,177,166,343
"E54000029",2023-03-31,191,199,390
"E54000030",2023-03-01,208,132,340
"E54000030",2023-03-02,182,138,320
"E54000030",2023-03-03,190,93,283
"E54000030",2023-03-04,108,66,174
"E54000030",2023-03-05,79,31,110
"E54000030",2023-03-06,177,143,320
"E54000030",2023-03-07,239,131,370
"E54000030",2023-03-08,200,115,315
"E54000030",2023-03-09,146,139,285
"E54000030",2023-03-10,183,130,313
"E54000030",2023-03-11,124,48,172
"E54000030",2023-03-12,123,47,170
"E54000030",2023-03-13,199,125,324
"E54000030",2023-03-14,213,132,345
"E54000030",2023-03-15,233,104,337
"E54000030",2023-03-16,189,104,293
"E54000030",2023-03-17,173,124,297
"E54000030",2023-03-18,146,60,206
"E54000030",2023-03-19,87,30,117
"E54000030",2023-03-20,100,72,172
"E54000030",2023-03-21,191,117,308
"E54000030",2023-03-22,199,146,345
"E54000030",2023-03-23,201,136,337
"E54000030",2023-03-24,228,160,388
"E54000030",2023-03-25,130,60,190
"E54000030",2023-03-26,110,50,160
"E54000030",2023-03-27,212,123,335
"E54000030",2023-03-28,175,124,299
"E54000030",2023-03-29,235,133,368
"E54000030",2023-03-30,232,139,371
"E54000030",2023-03-31,185,110,295
"E54000031",2023-03-01,122,98,220
"E54000031",2023-03-02,98,99,197
"E54000031",2023-03-03,180,131,311
"E54000031",2023-03-04,109,87,196
"E54000031",2023-03-05,63,37,100
"E54000031",2023-03-06,86,88,174
"E54000031",2023-03-07,147,118,265
"E54000031",2023-03-08,146,120,266
"E54000031",2023-03-09,164,105,269
"E54000031",2023-03-10,174,140,314
"E54000031",2023-03-11,107,82,189
"E54000031",2023-03-12,73,65,138
"E54000031",2023-03-13,97,72,169
"E54000031",2023-03-14,144,102,246
"E54000031",2023-03-15,159,107,266
"E54000031",2023-03-16,152,96,248
"E54000031",2023-03-17,132,135,267
"E54000031",2023-03-18,118,92,210
"E54000031",2023-03-19,64,50,114
"E54000031",2023-03-20,88,93,181
"E54000031",2023-03-21,157,114,271
"E54000031",2023-03-22,165,106,271
"E54000031",2023-03-23,131,128,259
"E54000031",2023-03-24,152,135,287
"E54000031",2023-03-25,106,95,201
"E54000031",2023-03-26,61,38,99
"E54000031",2023-03-27,81,92,173
"E54000031",2023-03-28,135,133,268
"E54000031",2023-03-29,157,112,269
"E54000031",2023-03-30,159,146,305
"E54000031",2023-03-31,162,165,327
"E54000010",2023-03-01,93,62,155
"E54000010",2023-03-02,141,39,180
"E54000010",2023-03-03,111,59,170
"E54000010",2023-03-04,83,35,118
"E54000010",2023-03-05,50,25,75
"E54000010",2023-03-06,76,49,125
"E54000010",2023-03-07,100,60,160
"E54000010",2023-03-08,100,47,147
"E54000010",2023-03-09,118,51,169
"E54000010",2023-03-10,88,50,138
"E54000010",2023-03-11,93,35,128
"E54000010",2023-03-12,53,26,79
"E54000010",2023-03-13,97,48,145
"E54000010",2023-03-14,100,60,160
"E54000010",2023-03-15,100,47,147
"E54000010",2023-03-16,107,46,153
"E54000010",2023-03-17,117,44,161
"E54000010",2023-03-18,89,25,114
"E54000010",2023-03-19,53,26,79
"E54000010",2023-03-20,70,40,110
"E54000010",2023-03-21,110,55,165
"E54000010",2023-03-22,113,53,166
"E54000010",2023-03-23,115,58,173
"E54000010",2023-03-24,102,45,147
"E54000010",2023-03-25,80,36,116
"E54000010",2023-03-26,76,36,112
"E54000010",2023-03-27,79,48,127
"E54000010",2023-03-28,126,67,193
"E54000010",2023-03-29,103,74,177
"E54000010",2023-03-30,117,53,170
"E54000010",2023-03-31,125,69,194
"E54000011",2023-03-01,66,47,113
"E54000011",2023-03-02,52,55,107
"E54000011",2023-03-03,69,41,110
"E54000011",2023-03-04,51,60,111
"E54000011",2023-03-05,36,23,59
"E54000011",2023-03-06,28,10,38
"E54000011",2023-03-07,43,55,98
"E54000011",2023-03-08,64,57,121
"E54000011",2023-03-09,58,45,103
"E54000011",2023-03-10,53,45,98
"E54000011",2023-03-11,57,43,100
"E54000011",2023-03-12,41,26,67
"E54000011",2023-03-13,37,17,54
"E54000011",2023-03-14,48,64,112
"E54000011",2023-03-15,68,50,118
"E54000011",2023-03-16,55,63,118
"E54000011",2023-03-17,50,37,87
"E54000011",2023-03-18,51,57,108
"E54000011",2023-03-19,51,28,79
"E54000011",2023-03-20,34,9,43
"E54000011",2023-03-21,40,54,94
"E54000011",2023-03-22,71,55,126
"E54000011",2023-03-23,75,58,133
"E54000011",2023-03-24,69,54,123
"E54000011",2023-03-25,76,59,135
"E54000011",2023-03-26,45,30,75
"E54000011",2023-03-27,35,18,53
"E54000011",2023-03-28,53,60,113
"E54000011",2023-03-29,60,52,112
"E54000011",2023-03-30,59,47,106
"E54000011",2023-03-31,58,49,107
"E54000058",2023-03-01,171,112,283
"E54000058",2023-03-02,175,107,282
"E54000058",2023-03-03,192,114,306
"E54000058",2023-03-04,155,54,209
"E54000058",2023-03-05,110,42,152
"E54000058",2023-03-06,132,104,236
"E54000058",2023-03-07,186,109,295
"E54000058",2023-03-08,204,120,324
"E54000058",2023-03-09,175,82,257
"E54000058",2023-03-10,146,126,272
"E54000058",2023-03-11,122,71,193
"E54000058",2023-03-12,95,38,133
"E54000058",2023-03-13,167,101,268
"E54000058",2023-03-14,178,78,256
"E54000058",2023-03-15,144,111,255
"E54000058",2023-03-16,171,92,263
"E54000058",2023-03-17,190,121,311
"E54000058",2023-03-18,127,76,203
"E54000058",2023-03-19,103,35,138
"E54000058",2023-03-20,172,77,249
"E54000058",2023-03-21,180,95,275
"E54000058",2023-03-22,192,121,313
"E54000058",2023-03-23,179,116,295
"E54000058",2023-03-24,224,142,366
"E54000058",2023-03-25,173,48,221
"E54000058",2023-03-26,97,33,130
"E54000058",2023-03-27,159,83,242
"E54000058",2023-03-28,170,129,299
"E54000058",2023-03-29,189,146,335
"E54000058",2023-03-30,202,125,327
"E54000058",2023-03-31,190,122,312
"E54000013",2023-03-01,70,63,133
"E54000013",2023-03-02,71,61,132
"E54000013",2023-03-03,80,64,144
"E54000013",2023-03-04,35,19,54
"E54000013",2023-03-05,16,6,22
"E54000013",2023-03-06,78,54,132
"E54000013",2023-03-07,82,56,138
"E54000013",2023-03-08,74,73,147
"E54000013",2023-03-09,59,58,117
"E54000013",2023-03-10,62,47,109
"E54000013",2023-03-11,42,24,66
"E54000013",2023-03-12,15,15,30
"E54000013",2023-03-13,52,62,114
"E54000013",2023-03-14,66,48,114
"E54000013",2023-03-15,62,49,111
"E54000013",2023-03-16,74,54,128
"E54000013",2023-03-17,60,44,104
"E54000013",2023-03-18,56,19,75
"E54000013",2023-03-19,35,8,43
"E54000013",2023-03-20,53,52,105
"E54000013",2023-03-21,79,68,147
"E54000013",2023-03-22,63,53,116
"E54000013",2023-03-23,54,56,110
"E54000013",2023-03-24,59,32,91
"E54000013",2023-03-25,33,17,50
"E54000013",2023-03-26,5,0,5
"E54000013",2023-03-27,46,75,121
"E54000013",2023-03-28,87,59,146
"E54000013",2023-03-29,73,73,146
"E54000013",2023-03-30,65,57,122
"E54000013",2023-03-31,46,44,90
"E54000060",2023-03-01,214,136,350
"E54000060",2023-03-02,205,129,334
"E54000060",2023-03-03,229,145,374
"E54000060",2023-03-04,210,126,336
"E54000060",2023-03-05,135,55,190
"E54000060",2023-03-06,106,52,158
"E54000060",2023-03-07,155,102,257
"E54000060",2023-03-08,224,124,348
"E54000060",2023-03-09,198,110,308
"E54000060",2023-03-10,197,112,309
"E54000060",2023-03-11,239,164,403
"E54000060",2023-03-12,135,69,204
"E54000060",2023-03-13,87,56,143
"E54000060",2023-03-14,175,108,283
"E54000060",2023-03-15,186,116,302
"E54000060",2023-03-16,210,92,302
"E54000060",2023-03-17,217,106,323
"E54000060",2023-03-18,221,107,328
"E54000060",2023-03-19,117,70,187
"E54000060",2023-03-20,107,45,152
"E54000060",2023-03-21,167,120,287
"E54000060",2023-03-22,176,115,291
"E54000060",2023-03-23,201,113,314
"E54000060",2023-03-24,224,110,334
"E54000060",2023-03-25,198,165,363
"E54000060",2023-03-26,140,63,203
"E54000060",2023-03-27,74,50,124
"E54000060",2023-03-28,144,91,235
"E54000060",2023-03-29,206,145,351
"E54000060",2023-03-30,215,115,330
"E54000060",2023-03-31,235,116,351
"E54000015",2023-03-01,156,130,286
"E54000015",2023-03-02,151,86,237
"E54000015",2023-03-03,188,134,322
"E54000015",2023-03-04,109,86,195
"E54000015",2023-03-05,97,47,144
"E54000015",2023-03-06,124,114,238
"E54000015",2023-03-07,143,139,282
"E54000015",2023-03-08,128,121,249
"E54000015",2023-03-09,160,114,274
"E54000015",2023-03-10,159,146,305
"E54000015",2023-03-11,128,67,195
"E54000015",2023-03-12,100,43,143
"E54000015",2023-03-13,137,135,272
"E54000015",2023-03-14,157,121,278
"E54000015",2023-03-15,162,115,277
"E54000015",2023-03-16,136,126,262
"E54000015",2023-03-17,125,139,264
"E54000015",2023-03-18,123,89,212
"E54000015",2023-03-19,98,63,161
"E54000015",2023-03-20,119,115,234
"E54000015",2023-03-21,141,142,283
"E54000015",2023-03-22,154,136,290
"E54000015",2023-03-23,146,124,270
"E54000015",2023-03-24,156,141,297
"E54000015",2023-03-25,134,74,208
"E54000015",2023-03-26,98,50,148
"E54000015",2023-03-27,131,119,250
"E54000015",2023-03-28,138,125,263
"E54000015",2023-03-29,163,150,313
"E54000015",2023-03-30,157,147,304
"E54000015",2023-03-31,172,127,299
"E54000062",2023-03-01,204,90,294
"E54000062",2023-03-02,159,103,262
"E54000062",2023-03-03,201,127,328
"E54000062",2023-03-04,153,105,258
"E54000062",2023-03-05,129,65,194
"E54000062",2023-03-06,141,78,219
"E54000062",2023-03-07,188,117,305
"E54000062",2023-03-08,163,81,244
"E54000062",2023-03-09,192,104,296
"E54000062",2023-03-10,173,142,315
"E54000062",2023-03-11,156,123,279
"E54000062",2023-03-12,140,72,212
"E54000062",2023-03-13,151,78,229
"E54000062",2023-03-14,192,104,296
"E54000062",2023-03-15,160,111,271
"E54000062",2023-03-16,145,101,246
"E54000062",2023-03-17,157,111,268
"E54000062",2023-03-18,162,103,265
"E54000062",2023-03-19,134,76,210
"E54000062",2023-03-20,135,74,209
"E54000062",2023-03-21,160,98,258
"E54000062",2023-03-22,186,92,278
"E54000062",2023-03-23,188,109,297
"E54000062",2023-03-24,153,118,271
"E54000062",2023-03-25,158,132,290
"E54000062",2023-03-26,137,69,206
"E54000062",2023-03-27,130,79,209
"E54000062",2023-03-28,159,98,257
"E54000062",2023-03-29,176,102,278
"E54000062",2023-03-30,190,115,305
"E54000062",2023-03-31,199,109,308
"E54000055",2023-03-01,31,15,46
"E54000055",2023-03-02,18,27,45
"E54000055",2023-03-03,20,20,40
"E54000055",2023-03-04,18,11,29
"E54000055",2023-03-05,21,10,31
"E54000055",2023-03-06,21,18,39
"E54000055",2023-03-07,31,17,48
"E54000055",2023-03-08,27,19,46
"E54000055",2023-03-09,23,13,36
"E54000055",2023-03-10,22,14,36
"E54000055",2023-03-11,19,14,33
"E54000055",2023-03-12,21,13,34
"E54000055",2023-03-13,27,9,36
"E54000055",2023-03-14,16,12,28
"E54000055",2023-03-15,24,18,42
"E54000055",2023-03-16,18,16,34
"E54000055",2023-03-17,33,15,48
"E54000055",2023-03-18,27,4,31
"E54000055",2023-03-19,16,10,26
"E54000055",2023-03-20,27,18,45
"E54000055",2023-03-21,16,17,33
"E54000055",2023-03-22,26,18,44
"E54000055",2023-03-23,24,13,37
"E54000055",2023-03-24,19,14,33
"E54000055",2023-03-25,20,15,35
"E54000055",2023-03-26,17,5,22
"E54000055",2023-03-27,17,24,41
"E54000055",2023-03-28,23,27,50
"E54000055",2023-03-29,23,27,50
"E54000055",2023-03-30,20,20,40
"E54000055",2023-03-31,26,17,43
"E54000018",2023-03-01,127,88,215
"E54000018",2023-03-02,141,81,222
"E54000018",2023-03-03,130,78,208
"E54000018",2023-03-04,97,63,160
"E54000018",2023-03-05,101,47,148
"E54000018",2023-03-06,76,55,131
"E54000018",2023-03-07,111,84,195
"E54000018",2023-03-08,96,86,182
"E54000018",2023-03-09,103,77,180
"E54000018",2023-03-10,118,91,209
"E54000018",2023-03-11,88,80,168
"E54000018",2023-03-12,90,56,146
"E54000018",2023-03-13,86,44,130
"E54000018",2023-03-14,102,83,185
"E54000018",2023-03-15,99,59,158
"E54000018",2023-03-16,119,66,185
"E54000018",2023-03-17,132,82,214
"E54000018",2023-03-18,96,79,175
"E54000018",2023-03-19,64,66,130
"E54000018",2023-03-20,76,60,136
"E54000018",2023-03-21,108,66,174
"E54000018",2023-03-22,121,74,195
"E54000018",2023-03-23,111,87,198
"E54000018",2023-03-24,122,75,197
"E54000018",2023-03-25,95,78,173
"E54000018",2023-03-26,90,50,140
"E54000018",2023-03-27,67,48,115
"E54000018",2023-03-28,107,74,181
"E54000018",2023-03-29,102,86,188
"E54000018",2023-03-30,107,70,177
"E54000018",2023-03-31,136,99,235
"E54000019",2023-03-01,30,30,60
"E54000019",2023-03-02,36,23,59
"E54000019",2023-03-03,42,29,71
"E54000019",2023-03-04,25,23,48
"E54000019",2023-03-05,17,9,26
"E54000019",2023-03-06,14,30,44
"E54000019",2023-03-07,37,30,67
"E54000019",2023-03-08,22,23,45
"E54000019",2023-03-09,23,28,51
"E54000019",2023-03-10,31,33,64
"E54000019",2023-03-11,20,16,36
"E54000019",2023-03-12,17,6,23
"E54000019",2023-03-13,21,22,43
"E54000019",2023-03-14,24,18,42
"E54000019",2023-03-15,20,28,48
"E54000019",2023-03-16,34,14,48
"E54000019",2023-03-17,29,24,53
"E54000019",2023-03-18,25,11,36
"E54000019",2023-03-19,22,8,30
"E54000019",2023-03-20,19,29,48
"E54000019",2023-03-21,30,20,50
"E54000019",2023-03-22,28,22,50
"E54000019",2023-03-23,27,28,55
"E54000019",2023-03-24,45,27,72
"E54000019",2023-03-25,30,14,44
"E54000019",2023-03-26,31,16,47
"E54000019",2023-03-27,27,28,55
"E54000019",2023-03-28,20,27,47
"E54000019",2023-03-29,36,26,62
"E54000019",2023-03-30,44,29,73
"E54000019",2023-03-31,27,21,48
"E54000059",2023-03-01,87,53,140
"E54000059",2023-03-02,82,38,120
"E54000059",2023-03-03,105,59,164
"E54000059",2023-03-04,120,62,182
"E54000059",2023-03-05,87,42,129
"E54000059",2023-03-06,35,21,56
"E54000059",2023-03-07,65,59,124
"E54000059",2023-03-08,82,55,137
"E54000059",2023-03-09,65,56,121
"E54000059",2023-03-10,73,52,125
"E54000059",2023-03-11,82,59,141
"E54000059",2023-03-12,86,52,138
"E54000059",2023-03-13,52,29,81
"E54000059",2023-03-14,60,47,107
"E54000059",2023-03-15,83,53,136
"E54000059",2023-03-16,67,63,130
"E54000059",2023-03-17,67,45,112
"E54000059",2023-03-18,76,48,124
"E54000059",2023-03-19,64,36,100
"E54000059",2023-03-20,13,15,28
"E54000059",2023-03-21,60,55,115
"E54000059",2023-03-22,105,54,159
"E54000059",2023-03-23,88,50,138
"E54000059",2023-03-24,84,47,131
"E54000059",2023-03-25,74,45,119
"E54000059",2023-03-26,57,37,94
"E54000059",2023-03-27,35,35,70
"E54000059",2023-03-28,72,46,118
"E54000059",2023-03-29,80,45,125
"E54000059",2023-03-30,81,54,135
"E54000059",2023-03-31,78,65,143
"E54000061",2023-03-01,162,186,348
"E54000061",2023-03-02,183,144,327
"E54000061",2023-03-03,141,164,305
"E54000061",2023-03-04,170,139,309
"E54000061",2023-03-05,117,91,208
"E54000061",2023-03-06,138,135,273
"E54000061",2023-03-07,166,157,323
"E54000061",2023-03-08,211,168,379
"E54000061",2023-03-09,212,179,391
"E54000061",2023-03-10,178,167,345
"E54000061",2023-03-11,150,130,280
"E54000061",2023-03-12,149,94,243
"E54000061",2023-03-13,93,96,189
"E54000061",2023-03-14,139,135,274
"E54000061",2023-03-15,130,139,269
"E54000061",2023-03-16,145,136,281
"E54000061",2023-03-17,137,112,249
"E54000061",2023-03-18,135,125,260
"E54000061",2023-03-19,104,89,193
"E54000061",2023-03-20,122,104,226
"E54000061",2023-03-21,124,192,316
"E54000061",2023-03-22,209,181,390
"E54000061",2023-03-23,216,179,395
"E54000061",2023-03-24,197,183,380
"E54000061",2023-03-25,173,150,323
"E54000061",2023-03-26,175,96,271
"E54000061",2023-03-27,121,137,258
"E54000061",2023-03-28,169,191,360
"E54000061",2023-03-29,171,190,361
"E54000061",2023-03-30,183,178,361
"E54000061",2023-03-31,201,185,386
"E54000050",2023-03-01,396,329,725
"E54000050",2023-03-02,419,307,726
"E54000050",2023-03-03,356,326,682
"E54000050",2023-03-04,329,268,597
"E54000050",2023-03-05,294,213,507
"E54000050",2023-03-06,286,262,548
"E54000050",2023-03-07,405,323,728
"E54000050",2023-03-08,463,325,788
"E54000050",2023-03-09,405,302,707
"E54000050",2023-03-10,420,282,702
"E54000050",2023-03-11,357,294,651
"E54000050",2023-03-12,279,219,498
"E54000050",2023-03-13,310,210,520
"E54000050",2023-03-14,390,266,656
"E54000050",2023-03-15,422,513,935
"E54000050",2023-03-16,417,282,699
"E54000050",2023-03-17,406,317,723
"E54000050",2023-03-18,350,255,605
"E54000050",2023-03-19,288,197,485
"E54000050",2023-03-20,270,217,487
"E54000050",2023-03-21,407,300,707
"E54000050",2023-03-22,435,287,722
"E54000050",2023-03-23,398,280,678
"E54000050",2023-03-24,391,283,674
"E54000050",2023-03-25,347,262,609
"E54000050",2023-03-26,282,177,459
"E54000050",2023-03-27,258,268,526
"E54000050",2023-03-28,424,365,789
"E54000050",2023-03-29,381,289,670
"E54000050",2023-03-30,410,291,701
"E54000050",2023-03-31,412,318,730
"E54000051",2023-03-01,230,151,381
"E54000051",2023-03-02,217,158,375
"E54000051",2023-03-03,214,166,380
"E54000051",2023-03-04,130,72,202
"E54000051",2023-03-05,109,84,193
"E54000051",2023-03-06,185,153,338
"E54000051",2023-03-07,295,191,486
"E54000051",2023-03-08,254,165,419
"E54000051",2023-03-09,250,163,413
"E54000051",2023-03-10,197,171,368
"E54000051",2023-03-11,167,121,288
"E54000051",2023-03-12,101,65,166
"E54000051",2023-03-13,194,140,334
"E54000051",2023-03-14,235,157,392
"E54000051",2023-03-15,225,180,405
"E54000051",2023-03-16,194,152,346
"E54000051",2023-03-17,236,157,393
"E54000051",2023-03-18,114,63,177
"E54000051",2023-03-19,92,63,155
"E54000051",2023-03-20,185,161,346
"E54000051",2023-03-21,234,165,399
"E54000051",2023-03-22,254,158,412
"E54000051",2023-03-23,215,190,405
"E54000051",2023-03-24,239,186,425
"E54000051",2023-03-25,129,65,194
"E54000051",2023-03-26,94,37,131
"E54000051",2023-03-27,204,169,373
"E54000051",2023-03-28,269,185,454
"E54000051",2023-03-29,240,160,400
"E54000051",2023-03-30,260,164,424
"E54000051",2023-03-31,233,175,408
"E54000054",2023-03-01,326,257,583
"E54000054",2023-03-02,293,219,512
"E54000054",2023-03-03,347,219,566
"E54000054",2023-03-04,317,150,467
"E54000054",2023-03-05,238,135,373
"E54000054",2023-03-06,242,163,405
"E54000054",2023-03-07,335,229,564
"E54000054",2023-03-08,350,221,571
"E54000054",2023-03-09,340,171,511
"E54000054",2023-03-10,374,199,573
"E54000054",2023-03-11,243,177,420
"E54000054",2023-03-12,213,152,365
"E54000054",2023-03-13,271,167,438
"E54000054",2023-03-14,316,215,531
"E54000054",2023-03-15,287,227,514
"E54000054",2023-03-16,310,197,507
"E54000054",2023-03-17,334,209,543
"E54000054",2023-03-18,272,213,485
"E54000054",2023-03-19,209,147,356
"E54000054",2023-03-20,211,141,352
"E54000054",2023-03-21,310,194,504
"E54000054",2023-03-22,333,234,567
"E54000054",2023-03-23,303,251,554
"E54000054",2023-03-24,349,216,565
"E54000054",2023-03-25,293,177,470
"E54000054",2023-03-26,233,116,349
"E54000054",2023-03-27,219,157,376
"E54000054",2023-03-28,325,203,528
"E54000054",2023-03-29,394,240,634
"E54000054",2023-03-30,367,201,568
"E54000054",2023-03-31,373,229,602
"E54000057",2023-03-01,263,160,423
"E54000057",2023-03-02,244,154,398
"E54000057",2023-03-03,264,182,446
"E54000057",2023-03-04,163,86,249
"E54000057",2023-03-05,105,43,148
"E54000057",2023-03-06,224,176,400
"E54000057",2023-03-07,258,194,452
"E54000057",2023-03-08,275,184,459
"E54000057",2023-03-09,261,159,420
"E54000057",2023-03-10,238,165,403
"E54000057",2023-03-11,165,105,270
"E54000057",2023-03-12,114,61,175
"E54000057",2023-03-13,205,148,353
"E54000057",2023-03-14,261,162,423
"E54000057",2023-03-15,246,146,392
"E54000057",2023-03-16,249,142,391
"E54000057",2023-03-17,286,184,470
"E54000057",2023-03-18,165,98,263
"E54000057",2023-03-19,124,58,182
"E54000057",2023-03-20,252,138,390
"E54000057",2023-03-21,275,156,431
"E54000057",2023-03-22,252,121,373
"E54000057",2023-03-23,287,147,434
"E54000057",2023-03-24,255,177,432
"E54000057",2023-03-25,165,87,252
"E54000057",2023-03-26,129,52,181
"E54000057",2023-03-27,192,167,359
"E54000057",2023-03-28,258,181,439
"E54000057",2023-03-29,230,157,387
"E54000057",2023-03-30,248,135,383
"E54000057",2023-03-31,279,183,462
"E54000008",2023-03-01,272,171,443
"E54000008",2023-03-02,257,213,470
"E54000008",2023-03-03,306,194,500
"E54000008",2023-03-04,152,97,249
"E54000008",2023-03-05,111,59,170
"E54000008",2023-03-06,236,164,400
"E54000008",2023-03-07,256,135,391
"E54000008",2023-03-08,268,177,445
"E54000008",2023-03-09,234,133,367
"E54000008",2023-03-10,275,205,480
"E54000008",2023-03-11,184,116,300
"E54000008",2023-03-12,89,80,169
"E54000008",2023-03-13,204,158,362
"E54000008",2023-03-14,275,168,443
"E54000008",2023-03-15,240,147,387
"E54000008",2023-03-16,206,166,372
"E54000008",2023-03-17,250,149,399
"E54000008",2023-03-18,130,79,209
"E54000008",2023-03-19,96,49,145
"E54000008",2023-03-20,206,183,389
"E54000008",2023-03-21,260,169,429
"E54000008",2023-03-22,279,175,454
"E54000008",2023-03-23,275,165,440
"E54000008",2023-03-24,288,155,443
"E54000008",2023-03-25,192,77,269
"E54000008",2023-03-26,125,49,174
"E54000008",2023-03-27,213,186,399
"E54000008",2023-03-28,293,147,440
"E54000008",2023-03-29,309,158,467
"E54000008",2023-03-30,269,133,402
"E54000008",2023-03-31,249,147,396
"E54000048",2023-03-01,230,170,400
"E54000048",2023-03-02,208,177,385
"E54000048",2023-03-03,217,198,415
"E54000048",2023-03-04,149,113,262
"E54000048",2023-03-05,97,86,183
"E54000048",2023-03-06,157,141,298
"E54000048",2023-03-07,206,167,373
"E54000048",2023-03-08,202,152,354
"E54000048",2023-03-09,223,156,379
"E54000048",2023-03-10,192,147,339
"E54000048",2023-03-11,163,106,269
"E54000048",2023-03-12,110,74,184
"E54000048",2023-03-13,150,127,277
"E54000048",2023-03-14,195,154,349
"E54000048",2023-03-15,187,169,356
"E54000048",2023-03-16,181,137,318
"E54000048",2023-03-17,177,175,352
"E54000048",2023-03-18,147,111,258
"E54000048",2023-03-19,107,60,167
"E54000048",2023-03-20,141,151,292
"E54000048",2023-03-21,179,157,336
"E54000048",2023-03-22,195,185,380
"E54000048",2023-03-23,213,131,344
"E54000048",2023-03-24,206,191,397
"E54000048",2023-03-25,138,91,229
"E54000048",2023-03-26,102,70,172
"E54000048",2023-03-27,143,142,285
"E54000048",2023-03-28,187,164,351
"E54000048",2023-03-29,193,148,341
"E54000048",2023-03-30,225,180,405
"E54000048",2023-03-31,220,165,385
"E54000032",2023-03-01,170,155,325
"E54000032",2023-03-02,185,165,350
"E54000032",2023-03-03,204,176,380
"E54000032",2023-03-04,137,75,212
"E54000032",2023-03-05,85,49,134
"E54000032",2023-03-06,94,74,168
"E54000032",2023-03-07,133,108,241
"E54000032",2023-03-08,122,106,228
"E54000032",2023-03-09,144,117,261
"E54000032",2023-03-10,166,99,265
"E54000032",2023-03-11,105,52,157
"E54000032",2023-03-12,81,40,121
"E54000032",2023-03-13,85,55,140
"E54000032",2023-03-14,96,58,154
"E54000032",2023-03-15,97,47,144
"E54000032",2023-03-16,66,64,130
"E54000032",2023-03-17,102,77,179
"E54000032",2023-03-18,82,47,129
"E54000032",2023-03-19,65,32,97
"E54000032",2023-03-20,96,94,190
"E54000032",2023-03-21,127,103,230
"E54000032",2023-03-22,122,113,235
"E54000032",2023-03-23,132,92,224
"E54000032",2023-03-24,179,95,274
"E54000032",2023-03-25,75,51,126
"E54000032",2023-03-26,67,35,102
"E54000032",2023-03-27,123,139,262
"E54000032",2023-03-28,180,156,336
"E54000032",2023-03-29,217,134,351
"E54000032",2023-03-30,176,136,312
"E54000032",2023-03-31,195,151,346
"E54000034",2023-03-01,41,53,94
"E54000034",2023-03-02,45,50,95
"E54000034",2023-03-03,44,78,122
"E54000034",2023-03-04,37,37,74
"E54000034",2023-03-05,28,31,59
"E54000034",2023-03-06,25,47,72
"E54000034",2023-03-07,41,53,94
"E54000034",2023-03-08,49,47,96
"E54000034",2023-03-09,43,54,97
"E54000034",2023-03-10,51,58,109
"E54000034",2023-03-11,34,30,64
"E54000034",2023-03-12,35,25,60
"E54000034",2023-03-13,33,44,77
"E54000034",2023-03-14,47,53,100
"E54000034",2023-03-15,48,51,99
"E54000034",2023-03-16,44,60,104
"E54000034",2023-03-17,37,71,108
"E54000034",2023-03-18,46,45,91
"E54000034",2023-03-19,23,21,44
"E54000034",2023-03-20,0,0,0
"E54000034",2023-03-21,0,0,0
"E54000034",2023-03-22,0,0,0
"E54000034",2023-03-23,0,0,0
"E54000034",2023-03-24,0,0,0
"E54000034",2023-03-25,0,0,0
"E54000034",2023-03-26,0,0,0
"E54000034",2023-03-27,44,73,117
"E54000034",2023-03-28,49,47,96
"E54000034",2023-03-29,32,73,105
"E54000034",2023-03-30,38,56,94
"E54000034",2023-03-31,44,46,90
"E54000042",2023-03-01,140,73,213
"E54000042",2023-03-02,120,79,199
"E54000042",2023-03-03,126,78,204
"E54000042",2023-03-04,101,48,149
"E54000042",2023-03-05,76,25,101
"E54000042",2023-03-06,307,176,483
"E54000042",2023-03-07,386,170,556
"E54000042",2023-03-08,375,213,588
"E54000042",2023-03-09,375,200,575
"E54000042",2023-03-10,380,210,590
"E54000042",2023-03-11,186,95,281
"E54000042",2023-03-12,132,53,185
"E54000042",2023-03-13,319,188,507
"E54000042",2023-03-14,394,182,576
"E54000042",2023-03-15,399,174,573
"E54000042",2023-03-16,369,185,554
"E54000042",2023-03-17,415,194,609
"E54000042",2023-03-18,215,111,326
"E54000042",2023-03-19,183,78,261
"E54000042",2023-03-20,333,162,495
"E54000042",2023-03-21,338,200,538
"E54000042",2023-03-22,380,141,521
"E54000042",2023-03-23,415,239,654
"E54000042",2023-03-24,412,258,670
"E54000042",2023-03-25,195,105,300
"E54000042",2023-03-26,165,66,231
"E54000042",2023-03-27,321,187,508
"E54000042",2023-03-28,387,194,581
"E54000042",2023-03-29,352,191,543
"E54000042",2023-03-30,366,199,565
"E54000042",2023-03-31,377,244,621
"E54000044",2023-03-01,211,123,334
"E54000044",2023-03-02,179,116,295
"E54000044",2023-03-03,214,177,391
"E54000044",2023-03-04,152,86,238
"E54000044",2023-03-05,131,38,169
"E54000044",2023-03-06,128,128,256
"E54000044",2023-03-07,202,160,362
"E54000044",2023-03-08,197,122,319
"E54000044",2023-03-09,255,154,409
"E54000044",2023-03-10,240,141,381
"E54000044",2023-03-11,166,126,292
"E54000044",2023-03-12,147,54,201
"E54000044",2023-03-13,139,94,233
"E54000044",2023-03-14,179,89,268
"E54000044",2023-03-15,146,95,241
"E54000044",2023-03-16,184,90,274
"E54000044",2023-03-17,195,119,314
"E54000044",2023-03-18,160,84,244
"E54000044",2023-03-19,134,74,208
"E54000044",2023-03-20,139,103,242
"E54000044",2023-03-21,170,95,265
"E54000044",2023-03-22,188,142,330
"E54000044",2023-03-23,198,123,321
"E54000044",2023-03-24,243,125,368
"E54000044",2023-03-25,170,108,278
"E54000044",2023-03-26,103,65,168
"E54000044",2023-03-27,138,75,213
"E54000044",2023-03-28,156,90,246
"E54000044",2023-03-29,155,93,248
"E54000044",2023-03-30,139,89,228
"E54000044",2023-03-31,171,89,260
"E54000052",2023-03-01,104,70,174
"E54000052",2023-03-02,104,62,166
"E54000052",2023-03-03,118,65,183
"E54000052",2023-03-04,120,52,172
"E54000052",2023-03-05,72,34,106
"E54000052",2023-03-06,89,55,144
"E54000052",2023-03-07,96,61,157
"E54000052",2023-03-08,97,55,152
"E54000052",2023-03-09,104,51,155
"E54000052",2023-03-10,133,55,188
"E54000052",2023-03-11,121,43,164
"E54000052",2023-03-12,87,17,104
"E54000052",2023-03-13,102,38,140
"E54000052",2023-03-14,112,59,171
"E54000052",2023-03-15,115,48,163
"E54000052",2023-03-16,114,57,171
"E54000052",2023-03-17,63,49,112
"E54000052",2023-03-18,108,49,157
"E54000052",2023-03-19,65,33,98
"E54000052",2023-03-20,59,41,100
"E54000052",2023-03-21,58,62,120
"E54000052",2023-03-22,103,68,171
"E54000052",2023-03-23,111,63,174
"E54000052",2023-03-24,111,63,174
"E54000052",2023-03-25,105,54,159
"E54000052",2023-03-26,86,33,119
"E54000052",2023-03-27,66,47,113
"E54000052",2023-03-28,104,48,152
"E54000052",2023-03-29,100,67,167
"E54000052",2023-03-30,118,68,186
"E54000052",2023-03-31,132,68,200
"E54000053",2023-03-01,237,170,407
"E54000053",2023-03-02,267,166,433
"E54000053",2023-03-03,236,163,399
"E54000053",2023-03-04,189,86,275
"E54000053",2023-03-05,161,85,246
"E54000053",2023-03-06,173,167,340
"E54000053",2023-03-07,201,134,335
"E54000053",2023-03-08,276,161,437
"E54000053",2023-03-09,226,122,348
"E54000053",2023-03-10,250,213,463
"E54000053",2023-03-11,177,77,254
"E54000053",2023-03-12,170,84,254
"E54000053",2023-03-13,204,130,334
"E54000053",2023-03-14,255,132,387
"E54000053",2023-03-15,248,153,401
"E54000053",2023-03-16,210,139,349
"E54000053",2023-03-17,194,188,382
"E54000053",2023-03-18,191,90,281
"E54000053",2023-03-19,119,53,172
"E54000053",2023-03-20,210,192,402
"E54000053",2023-03-21,246,133,379
"E54000053",2023-03-22,241,132,373
"E54000053",2023-03-23,211,158,369
"E54000053",2023-03-24,230,196,426
"E54000053",2023-03-25,200,94,294
"E54000053",2023-03-26,134,43,177
"E54000053",2023-03-27,196,158,354
"E54000053",2023-03-28,224,143,367
"E54000053",2023-03-29,255,118,373
"E54000053",2023-03-30,281,182,463
"E54000053",2023-03-31,285,144,429
"E54000036",2023-03-01,60,62,122
"E54000036",2023-03-02,70,62,132
"E54000036",2023-03-03,74,50,124
"E54000036",2023-03-04,41,38,79
"E54000036",2023-03-05,39,18,57
"E54000036",2023-03-06,38,44,82
"E54000036",2023-03-07,56,48,104
"E54000036",2023-03-08,53,57,110
"E54000036",2023-03-09,56,45,101
"E54000036",2023-03-10,60,36,96
"E54000036",2023-03-11,42,17,59
"E54000036",2023-03-12,41,22,63
"E54000036",2023-03-13,40,33,73
"E54000036",2023-03-14,42,42,84
"E54000036",2023-03-15,44,36,80
"E54000036",2023-03-16,43,28,71
"E54000036",2023-03-17,48,42,90
"E54000036",2023-03-18,44,24,68
"E54000036",2023-03-19,42,18,60
"E54000036",2023-03-20,30,45,75
"E54000036",2023-03-21,58,44,102
"E54000036",2023-03-22,54,40,94
"E54000036",2023-03-23,63,37,100
"E54000036",2023-03-24,52,52,104
"E54000036",2023-03-25,40,21,61
"E54000036",2023-03-26,28,28,56
"E54000036",2023-03-27,40,49,89
"E54000036",2023-03-28,57,52,109
"E54000036",2023-03-29,33,48,81
"E54000036",2023-03-30,59,45,104
"E54000036",2023-03-31,63,46,109
"E54000037",2023-03-01,199,111,310
"E54000037",2023-03-02,170,116,286
"E54000037",2023-03-03,192,111,303
"E54000037",2023-03-04,126,86,212
"E54000037",2023-03-05,102,46,148
"E54000037",2023-03-06,142,80,222
"E54000037",2023-03-07,178,102,280
"E54000037",2023-03-08,185,102,287
"E54000037",2023-03-09,199,100,299
"E54000037",2023-03-10,186,122,308
"E54000037",2023-03-11,130,98,228
"E54000037",2023-03-12,111,64,175
"E54000037",2023-03-13,141,67,208
"E54000037",2023-03-14,186,84,270
"E54000037",2023-03-15,180,80,260
"E54000037",2023-03-16,176,94,270
"E54000037",2023-03-17,178,115,293
"E54000037",2023-03-18,130,97,227
"E54000037",2023-03-19,110,36,146
"E54000037",2023-03-20,106,72,178
"E54000037",2023-03-21,166,110,276
"E54000037",2023-03-22,160,120,280
"E54000037",2023-03-23,194,108,302
"E54000037",2023-03-24,193,113,306
"E54000037",2023-03-25,161,76,237
"E54000037",2023-03-26,121,57,178
"E54000037",2023-03-27,128,71,199
"E54000037",2023-03-28,161,115,276
"E54000037",2023-03-29,190,110,300
"E54000037",2023-03-30,185,117,302
"E54000037",2023-03-31,207,118,325
"E54000038",2023-03-01,95,42,137
"E54000038",2023-03-02,99,38,137
"E54000038",2023-03-03,107,41,148
"E54000038",2023-03-04,75,37,112
"E54000038",2023-03-05,50,8,58
"E54000038",2023-03-06,63,36,99
"E54000038",2023-03-07,90,47,137
"E54000038",2023-03-08,108,40,148
"E54000038",2023-03-09,80,24,104
"E54000038",2023-03-10,96,52,148
"E54000038",2023-03-11,76,28,104
"E54000038",2023-03-12,44,14,58
"E54000038",2023-03-13,84,24,108
"E54000038",2023-03-14,96,30,126
"E54000038",2023-03-15,93,43,136
"E54000038",2023-03-16,57,19,76
"E54000038",2023-03-17,98,62,160
"E54000038",2023-03-18,80,35,115
"E54000038",2023-03-19,55,15,70
"E54000038",2023-03-20,74,29,103
"E54000038",2023-03-21,75,39,114
"E54000038",2023-03-22,79,23,102
"E54000038",2023-03-23,83,45,128
"E54000038",2023-03-24,113,63,176
"E54000038",2023-03-25,61,37,98
"E54000038",2023-03-26,54,6,60
"E54000038",2023-03-27,57,29,86
"E54000038",2023-03-28,102,31,133
"E54000038",2023-03-29,86,41,127
"E54000038",2023-03-30,89,32,121
"E54000038",2023-03-31,89,44,133
"E54000039",2023-03-01,148,101,249
"E54000039",2023-03-02,136,105,241
"E54000039",2023-03-03,142,126,268
"E54000039",2023-03-04,67,72,139
"E54000039",2023-03-05,19,47,66
"E54000039",2023-03-06,85,85,170
"E54000039",2023-03-07,80,150,230
"E54000039",2023-03-08,130,111,241
"E54000039",2023-03-09,130,123,253
"E54000039",2023-03-10,138,150,288
"E54000039",2023-03-11,79,80,159
"E54000039",2023-03-12,69,56,125
"E54000039",2023-03-13,103,102,205
"E54000039",2023-03-14,123,132,255
"E54000039",2023-03-15,102,116,218
"E54000039",2023-03-16,98,114,212
"E54000039",2023-03-17,116,108,224
"E54000039",2023-03-18,69,75,144
"E54000039",2023-03-19,63,56,119
"E54000039",2023-03-20,100,82,182
"E54000039",2023-03-21,109,125,234
"E54000039",2023-03-22,107,118,225
"E54000039",2023-03-23,138,95,233
"E54000039",2023-03-24,138,126,264
"E54000039",2023-03-25,62,64,126
"E54000039",2023-03-26,58,45,103
"E54000039",2023-03-27,87,117,204
"E54000039",2023-03-28,144,112,256
"E54000039",2023-03-29,103,129,232
"E54000039",2023-03-30,136,116,252
"E54000039",2023-03-31,140,119,259
"E54000040",2023-03-01,159,100,259
"E54000040",2023-03-02,158,109,267
"E54000040",2023-03-03,172,102,274
"E54000040",2023-03-04,130,87,217
"E54000040",2023-03-05,95,47,142
"E54000040",2023-03-06,119,84,203
"E54000040",2023-03-07,168,90,258
"E54000040",2023-03-08,162,111,273
"E54000040",2023-03-09,142,96,238
"E54000040",2023-03-10,153,119,272
"E54000040",2023-03-11,148,84,232
"E54000040",2023-03-12,89,59,148
"E54000040",2023-03-13,104,59,163
"E54000040",2023-03-14,164,83,247
"E54000040",2023-03-15,160,101,261
"E54000040",2023-03-16,164,98,262
"E54000040",2023-03-17,179,79,258
"E54000040",2023-03-18,145,69,214
"E54000040",2023-03-19,90,37,127
"E54000040",2023-03-20,103,86,189
"E54000040",2023-03-21,157,85,242
"E54000040",2023-03-22,178,104,282
"E54000040",2023-03-23,158,108,266
"E54000040",2023-03-24,154,115,269
"E54000040",2023-03-25,150,100,250
"E54000040",2023-03-26,99,43,142
"E54000040",2023-03-27,112,74,186
"E54000040",2023-03-28,142,79,221
"E54000040",2023-03-29,166,98,264
"E54000040",2023-03-30,150,138,288
"E54000040",2023-03-31,137,105,242
"E54000041",2023-03-01,99,45,144
"E54000041",2023-03-02,96,45,141
"E54000041",2023-03-03,119,52,171
"E54000041",2023-03-04,87,25,112
"E54000041",2023-03-05,38,15,53
"E54000041",2023-03-06,80,43,123
"E54000041",2023-03-07,89,50,139
"E54000041",2023-03-08,88,65,153
"E54000041",2023-03-09,111,56,167
"E54000041",2023-03-10,118,65,183
"E54000041",2023-03-11,81,28,109
"E54000041",2023-03-12,41,17,58
"E54000041",2023-03-13,88,44,132
"E54000041",2023-03-14,85,52,137
"E54000041",2023-03-15,89,57,146
"E54000041",2023-03-16,103,58,161
"E54000041",2023-03-17,92,58,150
"E54000041",2023-03-18,69,36,105
"E54000041",2023-03-19,34,20,54
"E54000041",2023-03-20,93,38,131
"E54000041",2023-03-21,108,49,157
"E54000041",2023-03-22,96,60,156
"E54000041",2023-03-23,111,63,174
"E54000041",2023-03-24,154,71,225
"E54000041",2023-03-25,71,43,114
"E54000041",2023-03-26,48,32,80
"E54000041",2023-03-27,78,65,143
"E54000041",2023-03-28,127,62,189
"E54000041",2023-03-29,113,55,168
"E54000041",2023-03-30,91,71,162
"E54000041",2023-03-31,130,85,215
"E54000043",2023-03-01,56,27,83
"E54000043",2023-03-02,46,25,71
"E54000043",2023-03-03,63,21,84
"E54000043",2023-03-04,50,15,65
"E54000043",2023-03-05,25,12,37
"E54000043",2023-03-06,59,35,94
"E54000043",2023-03-07,55,27,82
"E54000043",2023-03-08,63,34,97
"E54000043",2023-03-09,65,18,83
"E54000043",2023-03-10,67,35,102
"E54000043",2023-03-11,40,11,51
"E54000043",2023-03-12,42,15,57
"E54000043",2023-03-13,58,31,89
"E54000043",2023-03-14,59,35,94
"E54000043",2023-03-15,59,25,84
"E54000043",2023-03-16,60,23,83
"E54000043",2023-03-17,43,27,70
"E54000043",2023-03-18,47,7,54
"E54000043",2023-03-19,37,9,46
"E54000043",2023-03-20,57,30,87
"E54000043",2023-03-21,44,33,77
"E54000043",2023-03-22,36,22,58
"E54000043",2023-03-23,42,19,61
"E54000043",2023-03-24,71,25,96
"E54000043",2023-03-25,51,8,59
"E54000043",2023-03-26,36,4,40
"E54000043",2023-03-27,47,20,67
"E54000043",2023-03-28,49,25,74
"E54000043",2023-03-29,57,24,81
"E54000043",2023-03-30,65,23,88
"E54000043",2023-03-31,59,27,86
"E54000056",2023-04-01,93,72,165
"E54000056",2023-04-02,69,42,111
"E54000056",2023-04-03,84,54,138
"E54000056",2023-04-04,97,83,180
"E54000056",2023-04-05,143,69,212
"E54000056",2023-04-06,112,118,230
"E54000056",2023-04-07,121,110,231
"E54000056",2023-04-08,87,69,156
"E54000056",2023-04-09,52,54,106
"E54000056",2023-04-10,76,47,123
"E54000056",2023-04-11,91,62,153
"E54000056",2023-04-12,112,86,198
"E54000056",2023-04-13,129,77,206
"E54000056",2023-04-14,117,83,200
"E54000056",2023-04-15,107,77,184
"E54000056",2023-04-16,60,29,89
"E54000056",2023-04-17,63,49,112
"E54000056",2023-04-18,110,82,192
"E54000056",2023-04-19,130,66,196
"E54000056",2023-04-20,121,77,198
"E54000056",2023-04-21,138,103,241
"E54000056",2023-04-22,111,71,182
"E54000056",2023-04-23,63,45,108
"E54000056",2023-04-24,80,52,132
"E54000056",2023-04-25,113,107,220
"E54000056",2023-04-26,128,102,230
"E54000056",2023-04-27,115,86,201
"E54000056",2023-04-28,118,96,214
"E54000056",2023-04-29,145,74,219
"E54000056",2023-04-30,91,68,159
"E54000022",2023-04-01,148,80,228
"E54000022",2023-04-02,108,67,175
"E54000022",2023-04-03,115,75,190
"E54000022",2023-04-04,153,110,263
"E54000022",2023-04-05,164,119,283
"E54000022",2023-04-06,198,113,311
"E54000022",2023-04-07,199,101,300
"E54000022",2023-04-08,125,68,193
"E54000022",2023-04-09,106,54,160
"E54000022",2023-04-10,111,42,153
"E54000022",2023-04-11,105,62,167
"E54000022",2023-04-12,172,93,265
"E54000022",2023-04-13,183,104,287
"E54000022",2023-04-14,189,86,275
"E54000022",2023-04-15,169,78,247
"E54000022",2023-04-16,106,52,158
"E54000022",2023-04-17,104,77,181
"E54000022",2023-04-18,158,96,254
"E54000022",2023-04-19,168,94,262
"E54000022",2023-04-20,181,104,285
"E54000022",2023-04-21,206,103,309
"E54000022",2023-04-22,164,89,253
"E54000022",2023-04-23,147,63,210
"E54000022",2023-04-24,125,82,207
"E54000022",2023-04-25,151,101,252
"E54000022",2023-04-26,190,101,291
"E54000022",2023-04-27,182,105,287
"E54000022",2023-04-28,167,136,303
"E54000022",2023-04-29,176,110,286
"E54000022",2023-04-30,127,63,190
"E54000023",2023-04-01,77,54,131
"E54000023",2023-04-02,75,37,112
"E54000023",2023-04-03,116,95,211
"E54000023",2023-04-04,160,87,247
"E54000023",2023-04-05,154,116,270
"E54000023",2023-04-06,166,112,278
"E54000023",2023-04-07,149,52,201
"E54000023",2023-04-08,81,61,142
"E54000023",2023-04-09,76,46,122
"E54000023",2023-04-10,83,36,119
"E54000023",2023-04-11,127,83,210
"E54000023",2023-04-12,151,85,236
"E54000023",2023-04-13,165,93,258
"E54000023",2023-04-14,154,69,223
"E54000023",2023-04-15,109,48,157
"E54000023",2023-04-16,86,25,111
"E54000023",2023-04-17,118,80,198
"E54000023",2023-04-18,136,76,212
"E54000023",2023-04-19,153,76,229
"E54000023",2023-04-20,154,88,242
"E54000023",2023-04-21,162,104,266
"E54000023",2023-04-22,82,55,137
"E54000023",2023-04-23,73,38,111
"E54000023",2023-04-24,114,99,213
"E54000023",2023-04-25,152,99,251
"E54000023",2023-04-26,148,94,242
"E54000023",2023-04-27,148,109,257
"E54000023",2023-04-28,144,106,250
"E54000023",2023-04-29,109,58,167
"E54000023",2023-04-30,68,28,96
"E54000024",2023-04-01,22,10,32
"E54000024",2023-04-02,9,11,20
"E54000024",2023-04-03,76,60,136
"E54000024",2023-04-04,137,78,215
"E54000024",2023-04-05,167,72,239
"E54000024",2023-04-06,192,54,246
"E54000024",2023-04-07,116,60,176
"E54000024",2023-04-08,62,57,119
"E54000024",2023-04-09,53,22,75
"E54000024",2023-04-10,38,45,83
"E54000024",2023-04-11,104,44,148
"E54000024",2023-04-12,131,51,182
"E54000024",2023-04-13,149,50,199
"E54000024",2023-04-14,150,66,216
"E54000024",2023-04-15,50,41,91
"E54000024",2023-04-16,47,38,85
"E54000024",2023-04-17,120,60,180
"E54000024",2023-04-18,126,76,202
"E54000024",2023-04-19,114,55,169
"E54000024",2023-04-20,128,71,199
"E54000024",2023-04-21,136,46,182
"E54000024",2023-04-22,83,41,124
"E54000024",2023-04-23,58,24,82
"E54000024",2023-04-24,106,53,159
"E54000024",2023-04-25,160,73,233
"E54000024",2023-04-26,132,60,192
"E54000024",2023-04-27,156,75,231
"E54000024",2023-04-28,161,44,205
"E54000024",2023-04-29,76,31,107
"E54000024",2023-04-30,60,23,83
"E54000025",2023-04-01,79,60,139
"E54000025",2023-04-02,65,49,114
"E54000025",2023-04-03,105,79,184
"E54000025",2023-04-04,146,106,252
"E54000025",2023-04-05,129,84,213
"E54000025",2023-04-06,147,98,245
"E54000025",2023-04-07,132,84,216
"E54000025",2023-04-08,89,60,149
"E54000025",2023-04-09,72,46,118
"E54000025",2023-04-10,89,44,133
"E54000025",2023-04-11,117,86,203
"E54000025",2023-04-12,118,85,203
"E54000025",2023-04-13,155,97,252
"E54000025",2023-04-14,134,102,236
"E54000025",2023-04-15,78,48,126
"E54000025",2023-04-16,73,34,107
"E54000025",2023-04-17,101,83,184
"E54000025",2023-04-18,143,94,237
"E54000025",2023-04-19,120,101,221
"E54000025",2023-04-20,144,102,246
"E54000025",2023-04-21,146,120,266
"E54000025",2023-04-22,97,60,157
"E54000025",2023-04-23,82,46,128
"E54000025",2023-04-24,113,93,206
"E54000025",2023-04-25,158,105,263
"E54000025",2023-04-26,149,106,255
"E54000025",2023-04-27,160,81,241
"E54000025",2023-04-28,177,142,319
"E54000025",2023-04-29,109,58,167
"E54000025",2023-04-30,77,57,134
"E54000026",2023-04-01,195,11,206
"E54000026",2023-04-02,135,6,141
"E54000026",2023-04-03,207,16,223
"E54000026",2023-04-04,253,19,272
"E54000026",2023-04-05,258,26,284
"E54000026",2023-04-06,286,18,304
"E54000026",2023-04-07,261,17,278
"E54000026",2023-04-08,160,7,167
"E54000026",2023-04-09,173,9,182
"E54000026",2023-04-10,170,9,179
"E54000026",2023-04-11,214,20,234
"E54000026",2023-04-12,260,24,284
"E54000026",2023-04-13,231,20,251
"E54000026",2023-04-14,280,19,299
"E54000026",2023-04-15,159,9,168
"E54000026",2023-04-16,125,4,129
"E54000026",2023-04-17,205,12,217
"E54000026",2023-04-18,260,17,277
"E54000026",2023-04-19,252,23,275
"E54000026",2023-04-20,249,19,268
"E54000026",2023-04-21,253,19,272
"E54000026",2023-04-22,188,9,197
"E54000026",2023-04-23,128,6,134
"E54000026",2023-04-24,189,15,204
"E54000026",2023-04-25,266,21,287
"E54000026",2023-04-26,275,21,296
"E54000026",2023-04-27,250,18,268
"E54000026",2023-04-28,306,22,328
"E54000026",2023-04-29,192,13,205
"E54000026",2023-04-30,183,7,190
"E54000027",2023-04-01,159,83,242
"E54000027",2023-04-02,120,38,158
"E54000027",2023-04-03,173,63,236
"E54000027",2023-04-04,202,99,301
"E54000027",2023-04-05,252,112,364
"E54000027",2023-04-06,282,124,406
"E54000027",2023-04-07,232,122,354
"E54000027",2023-04-08,164,63,227
"E54000027",2023-04-09,122,66,188
"E54000027",2023-04-10,109,66,175
"E54000027",2023-04-11,139,56,195
"E54000027",2023-04-12,241,80,321
"E54000027",2023-04-13,231,88,319
"E54000027",2023-04-14,224,85,309
"E54000027",2023-04-15,137,65,202
"E54000027",2023-04-16,122,40,162
"E54000027",2023-04-17,132,75,207
"E54000027",2023-04-18,188,106,294
"E54000027",2023-04-19,249,116,365
"E54000027",2023-04-20,235,107,342
"E54000027",2023-04-21,256,137,393
"E54000027",2023-04-22,185,62,247
"E54000027",2023-04-23,139,45,184
"E54000027",2023-04-24,162,65,227
"E54000027",2023-04-25,239,105,344
"E54000027",2023-04-26,258,129,387
"E54000027",2023-04-27,243,101,344
"E54000027",2023-04-28,261,131,392
"E54000027",2023-04-29,218,105,323
"E54000027",2023-04-30,201,72,273
"E54000028",2023-04-01,170,159,329
"E54000028",2023-04-02,115,106,221
"E54000028",2023-04-03,113,83,196
"E54000028",2023-04-04,166,128,294
"E54000028",2023-04-05,154,156,310
"E54000028",2023-04-06,182,156,338
"E54000028",2023-04-07,197,194,391
"E54000028",2023-04-08,147,131,278
"E54000028",2023-04-09,115,109,224
"E54000028",2023-04-10,93,75,168
"E54000028",2023-04-11,70,70,140
"E54000028",2023-04-12,149,131,280
"E54000028",2023-04-13,155,120,275
"E54000028",2023-04-14,152,123,275
"E54000028",2023-04-15,149,132,281
"E54000028",2023-04-16,87,77,164
"E54000028",2023-04-17,66,57,123
"E54000028",2023-04-18,116,99,215
"E54000028",2023-04-19,144,118,262
"E54000028",2023-04-20,132,117,249
"E54000028",2023-04-21,147,110,257
"E54000028",2023-04-22,134,146,280
"E54000028",2023-04-23,110,81,191
"E54000028",2023-04-24,107,103,210
"E54000028",2023-04-25,139,148,287
"E54000028",2023-04-26,190,139,329
"E54000028",2023-04-27,161,131,292
"E54000028",2023-04-28,189,169,358
"E54000028",2023-04-29,206,163,369
"E54000028",2023-04-30,115,124,239
"E54000029",2023-04-01,154,140,294
"E54000029",2023-04-02,132,86,218
"E54000029",2023-04-03,143,150,293
"E54000029",2023-04-04,183,176,359
"E54000029",2023-04-05,168,174,342
"E54000029",2023-04-06,189,223,412
"E54000029",2023-04-07,190,135,325
"E54000029",2023-04-08,113,103,216
"E54000029",2023-04-09,123,92,215
"E54000029",2023-04-10,85,57,142
"E54000029",2023-04-11,116,99,215
"E54000029",2023-04-12,139,154,293
"E54000029",2023-04-13,185,146,331
"E54000029",2023-04-14,166,163,329
"E54000029",2023-04-15,186,104,290
"E54000029",2023-04-16,109,73,182
"E54000029",2023-04-17,111,93,204
"E54000029",2023-04-18,174,135,309
"E54000029",2023-04-19,161,154,315
"E54000029",2023-04-20,175,176,351
"E54000029",2023-04-21,178,178,356
"E54000029",2023-04-22,178,129,307
"E54000029",2023-04-23,130,89,219
"E54000029",2023-04-24,130,94,224
"E54000029",2023-04-25,173,158,331
"E54000029",2023-04-26,172,153,325
"E54000029",2023-04-27,176,177,353
"E54000029",2023-04-28,187,208,395
"E54000029",2023-04-29,157,146,303
"E54000029",2023-04-30,115,98,213
"E54000030",2023-04-01,129,61,190
"E54000030",2023-04-02,98,43,141
"E54000030",2023-04-03,177,146,323
"E54000030",2023-04-04,237,140,377
"E54000030",2023-04-05,221,115,336
"E54000030",2023-04-06,234,135,369
"E54000030",2023-04-07,161,74,235
"E54000030",2023-04-08,102,57,159
"E54000030",2023-04-09,118,50,168
"E54000030",2023-04-10,147,70,217
"E54000030",2023-04-11,156,102,258
"E54000030",2023-04-12,158,155,313
"E54000030",2023-04-13,170,146,316
"E54000030",2023-04-14,202,139,341
"E54000030",2023-04-15,122,58,180
"E54000030",2023-04-16,96,34,130
"E54000030",2023-04-17,151,128,279
"E54000030",2023-04-18,221,138,359
"E54000030",2023-04-19,236,120,356
"E54000030",2023-04-20,238,147,385
"E54000030",2023-04-21,179,119,298
"E54000030",2023-04-22,138,62,200
"E54000030",2023-04-23,106,52,158
"E54000030",2023-04-24,167,138,305
"E54000030",2023-04-25,250,169,419
"E54000030",2023-04-26,164,214,378
"E54000030",2023-04-27,227,131,358
"E54000030",2023-04-28,233,168,401
"E54000030",2023-04-29,147,84,231
"E54000030",2023-04-30,146,83,229
"E54000031",2023-04-01,115,69,184
"E54000031",2023-04-02,68,44,112
"E54000031",2023-04-03,103,99,202
"E54000031",2023-04-04,148,124,272
"E54000031",2023-04-05,170,103,273
"E54000031",2023-04-06,155,175,330
"E54000031",2023-04-07,132,110,242
"E54000031",2023-04-08,81,91,172
"E54000031",2023-04-09,65,39,104
"E54000031",2023-04-10,54,38,92
"E54000031",2023-04-11,91,70,161
"E54000031",2023-04-12,130,74,204
"E54000031",2023-04-13,150,86,236
"E54000031",2023-04-14,117,98,215
"E54000031",2023-04-15,68,50,118
"E54000031",2023-04-16,55,31,86
"E54000031",2023-04-17,97,82,179
"E54000031",2023-04-18,159,123,282
"E54000031",2023-04-19,190,129,319
"E54000031",2023-04-20,164,138,302
"E54000031",2023-04-21,172,116,288
"E54000031",2023-04-22,105,64,169
"E54000031",2023-04-23,73,43,116
"E54000031",2023-04-24,100,97,197
"E54000031",2023-04-25,153,122,275
"E54000031",2023-04-26,173,123,296
"E54000031",2023-04-27,147,121,268
"E54000031",2023-04-28,178,143,321
"E54000031",2023-04-29,118,80,198
"E54000031",2023-04-30,72,64,136
"E54000010",2023-04-01,93,46,139
"E54000010",2023-04-02,62,14,76
"E54000010",2023-04-03,86,49,135
"E54000010",2023-04-04,132,53,185
"E54000010",2023-04-05,113,50,163
"E54000010",2023-04-06,118,43,161
"E54000010",2023-04-07,100,46,146
"E54000010",2023-04-08,69,40,109
"E54000010",2023-04-09,64,16,80
"E54000010",2023-04-10,57,28,85
"E54000010",2023-04-11,86,45,131
"E54000010",2023-04-12,107,47,154
"E54000010",2023-04-13,115,46,161
"E54000010",2023-04-14,120,48,168
"E54000010",2023-04-15,68,41,109
"E54000010",2023-04-16,53,21,74
"E54000010",2023-04-17,78,47,125
"E54000010",2023-04-18,115,52,167
"E54000010",2023-04-19,104,63,167
"E54000010",2023-04-20,126,68,194
"E54000010",2023-04-21,116,48,164
"E54000010",2023-04-22,114,20,134
"E54000010",2023-04-23,59,25,84
"E54000010",2023-04-24,81,50,131
"E54000010",2023-04-25,117,66,183
"E54000010",2023-04-26,129,53,182
"E54000010",2023-04-27,106,55,161
"E54000010",2023-04-28,123,55,178
"E54000010",2023-04-29,99,36,135
"E54000010",2023-04-30,84,44,128
"E54000011",2023-04-01,74,69,143
"E54000011",2023-04-02,43,32,75
"E54000011",2023-04-03,29,15,44
"E54000011",2023-04-04,47,59,106
"E54000011",2023-04-05,73,51,124
"E54000011",2023-04-06,73,55,128
"E54000011",2023-04-07,59,77,136
"E54000011",2023-04-08,72,34,106
"E54000011",2023-04-09,33,31,64
"E54000011",2023-04-10,47,17,64
"E54000011",2023-04-11,33,19,52
"E54000011",2023-04-12,63,52,115
"E54000011",2023-04-13,53,66,119
"E54000011",2023-04-14,68,54,122
"E54000011",2023-04-15,74,65,139
"E54000011",2023-04-16,38,38,76
"E54000011",2023-04-17,40,19,59
"E54000011",2023-04-18,66,52,118
"E54000011",2023-04-19,48,54,102
"E54000011",2023-04-20,66,38,104
"E54000011",2023-04-21,67,45,112
"E54000011",2023-04-22,61,65,126
"E54000011",2023-04-23,35,21,56
"E54000011",2023-04-24,43,18,61
"E54000011",2023-04-25,62,38,100
"E54000011",2023-04-26,71,55,126
"E54000011",2023-04-27,68,53,121
"E54000011",2023-04-28,73,69,142
"E54000011",2023-04-29,65,64,129
"E54000011",2023-04-30,46,41,87
"E54000058",2023-04-01,163,67,230
"E54000058",2023-04-02,90,63,153
"E54000058",2023-04-03,149,99,248
"E54000058",2023-04-04,198,114,312
"E54000058",2023-04-05,170,118,288
"E54000058",2023-04-06,183,138,321
"E54000058",2023-04-07,207,67,274
"E54000058",2023-04-08,110,85,195
"E54000058",2023-04-09,110,34,144
"E54000058",2023-04-10,101,48,149
"E54000058",2023-04-11,173,105,278
"E54000058",2023-04-12,168,98,266
"E54000058",2023-04-13,195,132,327
"E54000058",2023-04-14,182,98,280
"E54000058",2023-04-15,152,65,217
"E54000058",2023-04-16,103,36,139
"E54000058",2023-04-17,141,110,251
"E54000058",2023-04-18,174,104,278
"E54000058",2023-04-19,196,126,322
"E54000058",2023-04-20,201,101,302
"E54000058",2023-04-21,226,143,369
"E54000058",2023-04-22,155,61,216
"E54000058",2023-04-23,95,49,144
"E54000058",2023-04-24,177,104,281
"E54000058",2023-04-25,192,111,303
"E54000058",2023-04-26,218,99,317
"E54000058",2023-04-27,192,84,276
"E54000058",2023-04-28,217,128,345
"E54000058",2023-04-29,159,68,227
"E54000058",2023-04-30,89,45,134
"E54000013",2023-04-01,46,28,74
"E54000013",2023-04-02,15,3,18
"E54000013",2023-04-03,77,60,137
"E54000013",2023-04-04,75,88,163
"E54000013",2023-04-05,73,52,125
"E54000013",2023-04-06,61,65,126
"E54000013",2023-04-07,46,20,66
"E54000013",2023-04-08,35,27,62
"E54000013",2023-04-09,22,3,25
"E54000013",2023-04-10,40,20,60
"E54000013",2023-04-11,56,42,98
"E54000013",2023-04-12,70,70,140
"E54000013",2023-04-13,64,68,132
"E54000013",2023-04-14,69,42,111
"E54000013",2023-04-15,30,13,43
"E54000013",2023-04-16,13,9,22
"E54000013",2023-04-17,46,57,103
"E54000013",2023-04-18,62,98,160
"E54000013",2023-04-19,79,57,136
"E54000013",2023-04-20,82,66,148
"E54000013",2023-04-21,66,54,120
"E54000013",2023-04-22,50,26,76
"E54000013",2023-04-23,18,7,25
"E54000013",2023-04-24,69,54,123
"E54000013",2023-04-25,49,54,103
"E54000013",2023-04-26,92,62,154
"E54000013",2023-04-27,83,61,144
"E54000013",2023-04-28,63,55,118
"E54000013",2023-04-29,22,19,41
"E54000013",2023-04-30,7,3,10
"E54000060",2023-04-01,229,154,383
"E54000060",2023-04-02,130,62,192
"E54000060",2023-04-03,94,55,149
"E54000060",2023-04-04,149,134,283
"E54000060",2023-04-05,191,124,315
"E54000060",2023-04-06,238,134,372
"E54000060",2023-04-07,215,166,381
"E54000060",2023-04-08,148,88,236
"E54000060",2023-04-09,108,61,169
"E54000060",2023-04-10,98,58,156
"E54000060",2023-04-11,93,39,132
"E54000060",2023-04-12,171,109,280
"E54000060",2023-04-13,203,148,351
"E54000060",2023-04-14,199,103,302
"E54000060",2023-04-15,171,115,286
"E54000060",2023-04-16,122,53,175
"E54000060",2023-04-17,80,25,105
"E54000060",2023-04-18,152,127,279
"E54000060",2023-04-19,192,129,321
"E54000060",2023-04-20,209,134,343
"E54000060",2023-04-21,222,130,352
"E54000060",2023-04-22,214,163,377
"E54000060",2023-04-23,117,62,179
"E54000060",2023-04-24,104,39,143
"E54000060",2023-04-25,152,144,296
"E54000060",2023-04-26,222,151,373
"E54000060",2023-04-27,217,129,346
"E54000060",2023-04-28,202,127,329
"E54000060",2023-04-29,220,168,388
"E54000060",2023-04-30,121,72,193
"E54000015",2023-04-01,118,83,201
"E54000015",2023-04-02,97,55,152
"E54000015",2023-04-03,90,116,206
"E54000015",2023-04-04,140,132,272
"E54000015",2023-04-05,153,105,258
"E54000015",2023-04-06,158,160,318
"E54000015",2023-04-07,151,107,258
"E54000015",2023-04-08,123,83,206
"E54000015",2023-04-09,88,57,145
"E54000015",2023-04-10,91,67,158
"E54000015",2023-04-11,112,139,251
"E54000015",2023-04-12,154,132,286
"E54000015",2023-04-13,149,110,259
"E54000015",2023-04-14,153,110,263
"E54000015",2023-04-15,106,63,169
"E54000015",2023-04-16,98,39,137
"E54000015",2023-04-17,116,118,234
"E54000015",2023-04-18,128,149,277
"E54000015",2023-04-19,143,128,271
"E54000015",2023-04-20,135,122,257
"E54000015",2023-04-21,177,140,317
"E54000015",2023-04-22,127,86,213
"E54000015",2023-04-23,106,51,157
"E54000015",2023-04-24,131,124,255
"E54000015",2023-04-25,167,131,298
"E54000015",2023-04-26,167,127,294
"E54000015",2023-04-27,158,128,286
"E54000015",2023-04-28,164,148,312
"E54000015",2023-04-29,140,84,224
"E54000015",2023-04-30,111,63,174
"E54000062",2023-04-01,151,102,253
"E54000062",2023-04-02,136,69,205
"E54000062",2023-04-03,130,70,200
"E54000062",2023-04-04,170,106,276
"E54000062",2023-04-05,217,125,342
"E54000062",2023-04-06,220,109,329
"E54000062",2023-04-07,212,139,351
"E54000062",2023-04-08,130,55,185
"E54000062",2023-04-09,87,37,124
"E54000062",2023-04-10,83,39,122
"E54000062",2023-04-11,123,51,174
"E54000062",2023-04-12,152,82,234
"E54000062",2023-04-13,170,99,269
"E54000062",2023-04-14,168,113,281
"E54000062",2023-04-15,161,129,290
"E54000062",2023-04-16,126,71,197
"E54000062",2023-04-17,151,77,228
"E54000062",2023-04-18,151,121,272
"E54000062",2023-04-19,169,115,284
"E54000062",2023-04-20,194,126,320
"E54000062",2023-04-21,189,100,289
"E54000062",2023-04-22,185,119,304
"E54000062",2023-04-23,122,75,197
"E54000062",2023-04-24,87,37,124
"E54000062",2023-04-25,158,95,253
"E54000062",2023-04-26,144,82,226
"E54000062",2023-04-27,120,83,203
"E54000062",2023-04-28,156,100,256
"E54000062",2023-04-29,117,111,228
"E54000062",2023-04-30,147,75,222
"E54000055",2023-04-01,18,17,35
"E54000055",2023-04-02,18,11,29
"E54000055",2023-04-03,19,15,34
"E54000055",2023-04-04,26,14,40
"E54000055",2023-04-05,23,24,47
"E54000055",2023-04-06,20,16,36
"E54000055",2023-04-07,28,18,46
"E54000055",2023-04-08,24,15,39
"E54000055",2023-04-09,13,14,27
"E54000055",2023-04-10,21,10,31
"E54000055",2023-04-11,27,16,43
"E54000055",2023-04-12,22,17,39
"E54000055",2023-04-13,18,17,35
"E54000055",2023-04-14,22,19,41
"E54000055",2023-04-15,24,10,34
"E54000055",2023-04-16,15,8,23
"E54000055",2023-04-17,20,14,34
"E54000055",2023-04-18,29,17,46
"E54000055",2023-04-19,20,13,33
"E54000055",2023-04-20,29,15,44
"E54000055",2023-04-21,27,23,50
"E54000055",2023-04-22,22,6,28
"E54000055",2023-04-23,22,19,41
"E54000055",2023-04-24,18,19,37
"E54000055",2023-04-25,18,19,37
"E54000055",2023-04-26,19,21,40
"E54000055",2023-04-27,22,24,46
"E54000055",2023-04-28,18,23,41
"E54000055",2023-04-29,15,15,30
"E54000055",2023-04-30,17,13,30
"E54000018",2023-04-01,79,74,153
"E54000018",2023-04-02,74,41,115
"E54000018",2023-04-03,76,46,122
"E54000018",2023-04-04,124,67,191
"E54000018",2023-04-05,104,82,186
"E54000018",2023-04-06,120,111,231
"E54000018",2023-04-07,114,95,209
"E54000018",2023-04-08,87,71,158
"E54000018",2023-04-09,62,46,108
"E54000018",2023-04-10,72,29,101
"E54000018",2023-04-11,60,56,116
"E54000018",2023-04-12,108,73,181
"E54000018",2023-04-13,95,76,171
"E54000018",2023-04-14,124,91,215
"E54000018",2023-04-15,80,76,156
"E54000018",2023-04-16,62,39,101
"E54000018",2023-04-17,69,59,128
"E54000018",2023-04-18,114,87,201
"E54000018",2023-04-19,98,102,200
"E54000018",2023-04-20,121,86,207
"E54000018",2023-04-21,130,99,229
"E54000018",2023-04-22,107,75,182
"E54000018",2023-04-23,77,58,135
"E54000018",2023-04-24,67,47,114
"E54000018",2023-04-25,83,59,142
"E54000018",2023-04-26,120,55,175
"E54000018",2023-04-27,103,59,162
"E54000018",2023-04-28,106,64,170
"E54000018",2023-04-29,116,61,177
"E54000018",2023-04-30,85,44,129
"E54000019",2023-04-01,39,16,55
"E54000019",2023-04-02,22,9,31
"E54000019",2023-04-03,30,23,53
"E54000019",2023-04-04,36,20,56
"E54000019",2023-04-05,32,21,53
"E54000019",2023-04-06,39,31,70
"E54000019",2023-04-07,45,15,60
"E54000019",2023-04-08,35,10,45
"E54000019",2023-04-09,16,8,24
"E54000019",2023-04-10,20,10,30
"E54000019",2023-04-11,21,20,41
"E54000019",2023-04-12,26,17,43
"E54000019",2023-04-13,28,18,46
"E54000019",2023-04-14,35,27,62
"E54000019",2023-04-15,31,15,46
"E54000019",2023-04-16,16,9,25
"E54000019",2023-04-17,19,26,45
"E54000019",2023-04-18,32,22,54
"E54000019",2023-04-19,27,28,55
"E54000019",2023-04-20,34,24,58
"E54000019",2023-04-21,24,25,49
"E54000019",2023-04-22,16,9,25
"E54000019",2023-04-23,19,5,24
"E54000019",2023-04-24,18,26,44
"E54000019",2023-04-25,28,21,49
"E54000019",2023-04-26,32,32,64
"E54000019",2023-04-27,34,32,66
"E54000019",2023-04-28,27,34,61
"E54000019",2023-04-29,36,12,48
"E54000019",2023-04-30,19,10,29
"E54000059",2023-04-01,81,61,142
"E54000059",2023-04-02,79,50,129
"E54000059",2023-04-03,47,24,71
"E54000059",2023-04-04,79,63,142
"E54000059",2023-04-05,74,56,130
"E54000059",2023-04-06,94,58,152
"E54000059",2023-04-07,105,64,169
"E54000059",2023-04-08,107,48,155
"E54000059",2023-04-09,84,43,127
"E54000059",2023-04-10,76,41,117
"E54000059",2023-04-11,45,32,77
"E54000059",2023-04-12,48,52,100
"E54000059",2023-04-13,82,42,124
"E54000059",2023-04-14,73,52,125
"E54000059",2023-04-15,84,58,142
"E54000059",2023-04-16,55,34,89
"E54000059",2023-04-17,42,22,64
"E54000059",2023-04-18,62,57,119
"E54000059",2023-04-19,77,53,130
"E54000059",2023-04-20,92,69,161
"E54000059",2023-04-21,77,48,125
"E54000059",2023-04-22,88,58,146
"E54000059",2023-04-23,76,37,113
"E54000059",2023-04-24,36,34,70
"E54000059",2023-04-25,53,57,110
"E54000059",2023-04-26,74,47,121
"E54000059",2023-04-27,91,62,153
"E54000059",2023-04-28,102,62,164
"E54000059",2023-04-29,98,70,168
"E54000059",2023-04-30,86,53,139
"E54000061",2023-04-01,176,170,346
"E54000061",2023-04-02,137,124,261
"E54000061",2023-04-03,94,93,187
"E54000061",2023-04-04,146,165,311
"E54000061",2023-04-05,192,153,345
"E54000061",2023-04-06,168,146,314
"E54000061",2023-04-07,138,132,270
"E54000061",2023-04-08,150,93,243
"E54000061",2023-04-09,127,106,233
"E54000061",2023-04-10,129,68,197
"E54000061",2023-04-11,147,137,284
"E54000061",2023-04-12,175,175,350
"E54000061",2023-04-13,205,188,393
"E54000061",2023-04-14,202,158,360
"E54000061",2023-04-15,197,147,344
"E54000061",2023-04-16,125,76,201
"E54000061",2023-04-17,116,116,232
"E54000061",2023-04-18,155,153,308
"E54000061",2023-04-19,171,181,352
"E54000061",2023-04-20,212,171,383
"E54000061",2023-04-21,220,204,424
"E54000061",2023-04-22,160,149,309
"E54000061",2023-04-23,151,99,250
"E54000061",2023-04-24,145,128,273
"E54000061",2023-04-25,186,185,371
"E54000061",2023-04-26,241,183,424
"E54000061",2023-04-27,175,170,345
"E54000061",2023-04-28,196,192,388
"E54000061",2023-04-29,195,153,348
"E54000061",2023-04-30,163,102,265
"E54000050",2023-04-01,330,270,600
"E54000050",2023-04-02,249,213,462
"E54000050",2023-04-03,256,257,513
"E54000050",2023-04-04,390,295,685
"E54000050",2023-04-05,415,293,708
"E54000050",2023-04-06,418,400,818
"E54000050",2023-04-07,368,296,664
"E54000050",2023-04-08,300,209,509
"E54000050",2023-04-09,208,142,350
"E54000050",2023-04-10,220,160,380
"E54000050",2023-04-11,299,269,568
"E54000050",2023-04-12,397,299,696
"E54000050",2023-04-13,351,347,698
"E54000050",2023-04-14,415,271,686
"E54000050",2023-04-15,315,191,506
"E54000050",2023-04-16,238,151,389
"E54000050",2023-04-17,268,193,461
"E54000050",2023-04-18,353,314,667
"E54000050",2023-04-19,422,328,750
"E54000050",2023-04-20,415,317,732
"E54000050",2023-04-21,409,335,744
"E54000050",2023-04-22,386,242,628
"E54000050",2023-04-23,226,188,414
"E54000050",2023-04-24,287,258,545
"E54000050",2023-04-25,417,313,730
"E54000050",2023-04-26,417,379,796
"E54000050",2023-04-27,411,304,715
"E54000050",2023-04-28,441,308,749
"E54000050",2023-04-29,321,274,595
"E54000050",2023-04-30,219,165,384
"E54000051",2023-04-01,105,65,170
"E54000051",2023-04-02,104,53,157
"E54000051",2023-04-03,175,124,299
"E54000051",2023-04-04,245,177,422
"E54000051",2023-04-05,213,166,379
"E54000051",2023-04-06,254,214,468
"E54000051",2023-04-07,213,145,358
"E54000051",2023-04-08,170,106,276
"E54000051",2023-04-09,89,64,153
"E54000051",2023-04-10,184,82,266
"E54000051",2023-04-11,183,186,369
"E54000051",2023-04-12,252,172,424
"E54000051",2023-04-13,229,141,370
"E54000051",2023-04-14,254,170,424
"E54000051",2023-04-15,116,52,168
"E54000051",2023-04-16,123,45,168
"E54000051",2023-04-17,181,124,305
"E54000051",2023-04-18,196,174,370
"E54000051",2023-04-19,230,166,396
"E54000051",2023-04-20,246,177,423
"E54000051",2023-04-21,251,152,403
"E54000051",2023-04-22,172,131,303
"E54000051",2023-04-23,104,54,158
"E54000051",2023-04-24,191,158,349
"E54000051",2023-04-25,261,196,457
"E54000051",2023-04-26,238,190,428
"E54000051",2023-04-27,245,177,422
"E54000051",2023-04-28,289,232,521
"E54000051",2023-04-29,118,98,216
"E54000051",2023-04-30,142,71,213
"E54000054",2023-04-01,302,156,458
"E54000054",2023-04-02,253,151,404
"E54000054",2023-04-03,251,140,391
"E54000054",2023-04-04,334,204,538
"E54000054",2023-04-05,381,222,603
"E54000054",2023-04-06,384,251,635
"E54000054",2023-04-07,374,179,553
"E54000054",2023-04-08,282,142,424
"E54000054",2023-04-09,203,131,334
"E54000054",2023-04-10,174,117,291
"E54000054",2023-04-11,225,132,357
"E54000054",2023-04-12,295,190,485
"E54000054",2023-04-13,371,197,568
"E54000054",2023-04-14,348,183,531
"E54000054",2023-04-15,301,168,469
"E54000054",2023-04-16,207,97,304
"E54000054",2023-04-17,223,109,332
"E54000054",2023-04-18,322,193,515
"E54000054",2023-04-19,383,186,569
"E54000054",2023-04-20,349,206,555
"E54000054",2023-04-21,357,189,546
"E54000054",2023-04-22,344,157,501
"E54000054",2023-04-23,198,116,314
"E54000054",2023-04-24,201,161,362
"E54000054",2023-04-25,325,216,541
"E54000054",2023-04-26,377,208,585
"E54000054",2023-04-27,374,220,594
"E54000054",2023-04-28,342,208,550
"E54000054",2023-04-29,306,188,494
"E54000054",2023-04-30,233,141,374
"E54000057",2023-04-01,135,95,230
"E54000057",2023-04-02,115,63,178
"E54000057",2023-04-03,257,155,412
"E54000057",2023-04-04,308,160,468
"E54000057",2023-04-05,247,165,412
"E54000057",2023-04-06,337,179,516
"E54000057",2023-04-07,198,125,323
"E54000057",2023-04-08,133,69,202
"E54000057",2023-04-09,114,69,183
"E54000057",2023-04-10,144,62,206
"E54000057",2023-04-11,225,113,338
"E54000057",2023-04-12,246,180,426
"E54000057",2023-04-13,260,138,398
"E54000057",2023-04-14,263,141,404
"E54000057",2023-04-15,146,93,239
"E54000057",2023-04-16,120,68,188
"E54000057",2023-04-17,232,173,405
"E54000057",2023-04-18,262,165,427
"E54000057",2023-04-19,262,157,419
"E54000057",2023-04-20,293,150,443
"E54000057",2023-04-21,283,161,444
"E54000057",2023-04-22,177,83,260
"E54000057",2023-04-23,97,54,151
"E54000057",2023-04-24,228,147,375
"E54000057",2023-04-25,259,151,410
"E54000057",2023-04-26,283,175,458
"E54000057",2023-04-27,262,173,435
"E54000057",2023-04-28,301,221,522
"E54000057",2023-04-29,198,107,305
"E54000057",2023-04-30,124,73,197
"E54000008",2023-04-01,152,115,267
"E54000008",2023-04-02,107,51,158
"E54000008",2023-04-03,193,167,360
"E54000008",2023-04-04,277,176,453
"E54000008",2023-04-05,290,165,455
"E54000008",2023-04-06,293,212,505
"E54000008",2023-04-07,225,142,367
"E54000008",2023-04-08,133,111,244
"E54000008",2023-04-09,122,65,187
"E54000008",2023-04-10,154,106,260
"E54000008",2023-04-11,225,141,366
"E54000008",2023-04-12,264,148,412
"E54000008",2023-04-13,272,187,459
"E54000008",2023-04-14,265,182,447
"E54000008",2023-04-15,157,80,237
"E54000008",2023-04-16,109,41,150
"E54000008",2023-04-17,210,142,352
"E54000008",2023-04-18,240,174,414
"E54000008",2023-04-19,264,162,426
"E54000008",2023-04-20,263,164,427
"E54000008",2023-04-21,279,174,453
"E54000008",2023-04-22,168,80,248
"E54000008",2023-04-23,110,53,163
"E54000008",2023-04-24,200,145,345
"E54000008",2023-04-25,225,168,393
"E54000008",2023-04-26,226,216,442
"E54000008",2023-04-27,249,144,393
"E54000008",2023-04-28,270,185,455
"E54000008",2023-04-29,167,99,266
"E54000008",2023-04-30,88,70,158
"E54000048",2023-04-01,171,105,276
"E54000048",2023-04-02,111,70,181
"E54000048",2023-04-03,153,148,301
"E54000048",2023-04-04,200,157,357
"E54000048",2023-04-05,182,178,360
"E54000048",2023-04-06,221,196,417
"E54000048",2023-04-07,192,166,358
"E54000048",2023-04-08,127,105,232
"E54000048",2023-04-09,92,63,155
"E54000048",2023-04-10,113,77,190
"E54000048",2023-04-11,143,144,287
"E54000048",2023-04-12,204,154,358
"E54000048",2023-04-13,215,149,364
"E54000048",2023-04-14,212,199,411
"E54000048",2023-04-15,146,99,245
"E54000048",2023-04-16,108,61,169
"E54000048",2023-04-17,149,127,276
"E54000048",2023-04-18,212,164,376
"E54000048",2023-04-19,218,166,384
"E54000048",2023-04-20,190,158,348
"E54000048",2023-04-21,194,211,405
"E54000048",2023-04-22,146,93,239
"E54000048",2023-04-23,93,87,180
"E54000048",2023-04-24,124,161,285
"E54000048",2023-04-25,186,186,372
"E54000048",2023-04-26,179,204,383
"E54000048",2023-04-27,213,207,420
"E54000048",2023-04-28,224,181,405
"E54000048",2023-04-29,193,123,316
"E54000048",2023-04-30,58,57,115
"E54000032",2023-04-01,126,74,200
"E54000032",2023-04-02,109,54,163
"E54000032",2023-04-03,160,107,267
"E54000032",2023-04-04,215,157,372
"E54000032",2023-04-05,194,134,328
"E54000032",2023-04-06,217,172,389
"E54000032",2023-04-07,164,116,280
"E54000032",2023-04-08,123,84,207
"E54000032",2023-04-09,125,71,196
"E54000032",2023-04-10,63,47,110
"E54000032",2023-04-11,130,91,221
"E54000032",2023-04-12,124,94,218
"E54000032",2023-04-13,141,95,236
"E54000032",2023-04-14,177,115,292
"E54000032",2023-04-15,72,45,117
"E54000032",2023-04-16,80,56,136
"E54000032",2023-04-17,130,132,262
"E54000032",2023-04-18,160,139,299
"E54000032",2023-04-19,179,139,318
"E54000032",2023-04-20,134,126,260
"E54000032",2023-04-21,205,155,360
"E54000032",2023-04-22,124,100,224
"E54000032",2023-04-23,99,52,151
"E54000032",2023-04-24,115,84,199
"E54000032",2023-04-25,157,158,315
"E54000032",2023-04-26,182,139,321
"E54000032",2023-04-27,158,123,281
"E54000032",2023-04-28,214,143,357
"E54000032",2023-04-29,136,92,228
"E54000032",2023-04-30,113,79,192
"E54000034",2023-04-01,35,37,72
"E54000034",2023-04-02,27,25,52
"E54000034",2023-04-03,29,37,66
"E54000034",2023-04-04,61,60,121
"E54000034",2023-04-05,57,56,113
"E54000034",2023-04-06,32,62,94
"E54000034",2023-04-07,30,40,70
"E54000034",2023-04-08,26,35,61
"E54000034",2023-04-09,40,25,65
"E54000034",2023-04-10,31,15,46
"E54000034",2023-04-11,29,54,83
"E54000034",2023-04-12,45,56,101
"E54000034",2023-04-13,47,55,102
"E54000034",2023-04-14,38,46,84
"E54000034",2023-04-15,45,21,66
"E54000034",2023-04-16,41,25,66
"E54000034",2023-04-17,35,40,75
"E54000034",2023-04-18,44,59,103
"E54000034",2023-04-19,45,60,105
"E54000034",2023-04-20,62,46,108
"E54000034",2023-04-21,49,42,91
"E54000034",2023-04-22,32,48,80
"E54000034",2023-04-23,34,32,66
"E54000034",2023-04-24,48,59,107
"E54000034",2023-04-25,47,63,110
"E54000034",2023-04-26,33,61,94
"E54000034",2023-04-27,41,50,91
"E54000034",2023-04-28,53,84,137
"E54000034",2023-04-29,32,39,71
"E54000034",2023-04-30,45,25,70
"E54000042",2023-04-01,231,113,344
"E54000042",2023-04-02,166,72,238
"E54000042",2023-04-03,195,149,344
"E54000042",2023-04-04,227,160,387
"E54000042",2023-04-05,250,147,397
"E54000042",2023-04-06,240,206,446
"E54000042",2023-04-07,244,123,367
"E54000042",2023-04-08,171,96,267
"E54000042",2023-04-09,132,82,214
"E54000042",2023-04-10,136,57,193
"E54000042",2023-04-11,168,121,289
"E54000042",2023-04-12,216,132,348
"E54000042",2023-04-13,208,121,329
"E54000042",2023-04-14,206,153,359
"E54000042",2023-04-15,138,42,180
"E54000042",2023-04-16,106,54,160
"E54000042",2023-04-17,165,119,284
"E54000042",2023-04-18,169,106,275
"E54000042",2023-04-19,239,133,372
"E54000042",2023-04-20,221,115,336
"E54000042",2023-04-21,203,158,361
"E54000042",2023-04-22,174,103,277
"E54000042",2023-04-23,118,68,186
"E54000042",2023-04-24,167,140,307
"E54000042",2023-04-25,236,151,387
"E54000042",2023-04-26,218,173,391
"E54000042",2023-04-27,213,170,383
"E54000042",2023-04-28,252,174,426
"E54000042",2023-04-29,173,122,295
"E54000042",2023-04-30,129,97,226
"E54000044",2023-04-01,132,61,193
"E54000044",2023-04-02,78,36,114
"E54000044",2023-04-03,194,112,306
"E54000044",2023-04-04,209,119,328
"E54000044",2023-04-05,185,149,334
"E54000044",2023-04-06,230,145,375
"E54000044",2023-04-07,223,102,325
"E54000044",2023-04-08,139,67,206
"E54000044",2023-04-09,114,72,186
"E54000044",2023-04-10,115,39,154
"E54000044",2023-04-11,122,86,208
"E54000044",2023-04-12,195,104,299
"E54000044",2023-04-13,185,108,293
"E54000044",2023-04-14,198,110,308
"E54000044",2023-04-15,136,79,215
"E54000044",2023-04-16,125,36,161
"E54000044",2023-04-17,119,82,201
"E54000044",2023-04-18,172,120,292
"E54000044",2023-04-19,220,141,361
"E54000044",2023-04-20,204,147,351
"E54000044",2023-04-21,211,163,374
"E54000044",2023-04-22,139,99,238
"E54000044",2023-04-23,91,72,163
"E54000044",2023-04-24,140,157,297
"E54000044",2023-04-25,185,130,315
"E54000044",2023-04-26,179,122,301
"E54000044",2023-04-27,226,124,350
"E54000044",2023-04-28,217,173,390
"E54000044",2023-04-29,198,129,327
"E54000044",2023-04-30,168,64,232
"E54000052",2023-04-01,100,58,158
"E54000052",2023-04-02,78,27,105
"E54000052",2023-04-03,47,57,104
"E54000052",2023-04-04,107,64,171
"E54000052",2023-04-05,105,65,170
"E54000052",2023-04-06,119,82,201
"E54000052",2023-04-07,132,76,208
"E54000052",2023-04-08,120,36,156
"E54000052",2023-04-09,75,37,112
"E54000052",2023-04-10,82,36,118
"E54000052",2023-04-11,71,55,126
"E54000052",2023-04-12,78,64,142
"E54000052",2023-04-13,119,64,183
"E54000052",2023-04-14,120,65,185
"E54000052",2023-04-15,101,53,154
"E54000052",2023-04-16,63,26,89
"E54000052",2023-04-17,68,47,115
"E54000052",2023-04-18,102,66,168
"E54000052",2023-04-19,116,57,173
"E54000052",2023-04-20,123,51,174
"E54000052",2023-04-21,134,79,213
"E54000052",2023-04-22,115,57,172
"E54000052",2023-04-23,74,23,97
"E54000052",2023-04-24,83,44,127
"E54000052",2023-04-25,117,51,168
"E54000052",2023-04-26,106,63,169
"E54000052",2023-04-27,100,64,164
"E54000052",2023-04-28,133,70,203
"E54000052",2023-04-29,143,60,203
"E54000052",2023-04-30,89,38,127
"E54000053",2023-04-01,166,88,254
"E54000053",2023-04-02,123,81,204
"E54000053",2023-04-03,182,179,361
"E54000053",2023-04-04,248,187,435
"E54000053",2023-04-05,222,163,385
"E54000053",2023-04-06,315,180,495
"E54000053",2023-04-07,276,104,380
"E54000053",2023-04-08,159,94,253
"E54000053",2023-04-09,143,82,225
"E54000053",2023-04-10,167,95,262
"E54000053",2023-04-11,196,131,327
"E54000053",2023-04-12,208,127,335
"E54000053",2023-04-13,213,127,340
"E54000053",2023-04-14,261,140,401
"E54000053",2023-04-15,153,85,238
"E54000053",2023-04-16,123,60,183
"E54000053",2023-04-17,200,129,329
"E54000053",2023-04-18,264,141,405
"E54000053",2023-04-19,266,159,425
"E54000053",2023-04-20,241,142,383
"E54000053",2023-04-21,330,224,554
"E54000053",2023-04-22,184,112,296
"E54000053",2023-04-23,117,45,162
"E54000053",2023-04-24,197,134,331
"E54000053",2023-04-25,228,183,411
"E54000053",2023-04-26,243,183,426
"E54000053",2023-04-27,245,160,405
"E54000053",2023-04-28,290,189,479
"E54000053",2023-04-29,213,76,289
"E54000053",2023-04-30,134,48,182
"E54000036",2023-04-01,42,35,77
"E54000036",2023-04-02,0,0,0
"E54000036",2023-04-03,54,50,104
"E54000036",2023-04-04,31,52,83
"E54000036",2023-04-05,51,50,101
"E54000036",2023-04-06,66,64,130
"E54000036",2023-04-07,57,43,100
"E54000036",2023-04-08,32,20,52
"E54000036",2023-04-09,39,23,62
"E54000036",2023-04-10,46,22,68
"E54000036",2023-04-11,36,34,70
"E54000036",2023-04-12,55,40,95
"E54000036",2023-04-13,50,35,85
"E54000036",2023-04-14,61,44,105
"E54000036",2023-04-15,42,22,64
"E54000036",2023-04-16,28,13,41
"E54000036",2023-04-17,49,30,79
"E54000036",2023-04-18,55,47,102
"E54000036",2023-04-19,50,42,92
"E54000036",2023-04-20,71,48,119
"E54000036",2023-04-21,62,55,117
"E54000036",2023-04-22,50,37,87
"E54000036",2023-04-23,45,23,68
"E54000036",2023-04-24,51,51,102
"E54000036",2023-04-25,78,57,135
"E54000036",2023-04-26,63,53,116
"E54000036",2023-04-27,76,53,129
"E54000036",2023-04-28,55,71,126
"E54000036",2023-04-29,59,38,97
"E54000036",2023-04-30,46,41,87
"E54000037",2023-04-01,154,76,230
"E54000037",2023-04-02,90,51,141
"E54000037",2023-04-03,160,83,243
"E54000037",2023-04-04,159,120,279
"E54000037",2023-04-05,190,111,301
"E54000037",2023-04-06,187,150,337
"E54000037",2023-04-07,191,97,288
"E54000037",2023-04-08,114,62,176
"E54000037",2023-04-09,95,54,149
"E54000037",2023-04-10,100,45,145
"E54000037",2023-04-11,164,85,249
"E54000037",2023-04-12,191,86,277
"E54000037",2023-04-13,198,96,294
"E54000037",2023-04-14,202,116,318
"E54000037",2023-04-15,167,79,246
"E54000037",2023-04-16,105,39,144
"E54000037",2023-04-17,148,79,227
"E54000037",2023-04-18,182,79,261
"E54000037",2023-04-19,195,114,309
"E54000037",2023-04-20,187,128,315
"E54000037",2023-04-21,231,147,378
"E54000037",2023-04-22,160,85,245
"E54000037",2023-04-23,103,41,144
"E54000037",2023-04-24,128,69,197
"E54000037",2023-04-25,166,113,279
"E54000037",2023-04-26,208,120,328
"E54000037",2023-04-27,206,113,319
"E54000037",2023-04-28,200,136,336
"E54000037",2023-04-29,215,97,312
"E54000037",2023-04-30,132,67,199
"E54000038",2023-04-01,74,34,108
"E54000038",2023-04-02,50,12,62
"E54000038",2023-04-03,72,32,104
"E54000038",2023-04-04,92,39,131
"E54000038",2023-04-05,93,44,137
"E54000038",2023-04-06,109,66,175
"E54000038",2023-04-07,87,17,104
"E54000038",2023-04-08,30,16,46
"E54000038",2023-04-09,53,13,66
"E54000038",2023-04-10,31,4,35
"E54000038",2023-04-11,64,50,114
"E54000038",2023-04-12,92,40,132
"E54000038",2023-04-13,100,57,157
"E54000038",2023-04-14,102,40,142
"E54000038",2023-04-15,53,12,65
"E54000038",2023-04-16,32,14,46
"E54000038",2023-04-17,90,39,129
"E54000038",2023-04-18,90,36,126
"E54000038",2023-04-19,88,33,121
"E54000038",2023-04-20,83,27,110
"E54000038",2023-04-21,85,43,128
"E54000038",2023-04-22,52,5,57
"E54000038",2023-04-23,18,9,27
"E54000038",2023-04-24,67,16,83
"E54000038",2023-04-25,81,39,120
"E54000038",2023-04-26,80,33,113
"E54000038",2023-04-27,82,33,115
"E54000038",2023-04-28,89,46,135
"E54000038",2023-04-29,35,20,55
"E54000038",2023-04-30,53,7,60
"E54000039",2023-04-01,75,56,131
"E54000039",2023-04-02,52,57,109
"E54000039",2023-04-03,104,126,230
"E54000039",2023-04-04,124,123,247
"E54000039",2023-04-05,113,151,264
"E54000039",2023-04-06,138,130,268
"E54000039",2023-04-07,91,102,193
"E54000039",2023-04-08,79,71,150
"E54000039",2023-04-09,62,65,127
"E54000039",2023-04-10,75,59,134
"E54000039",2023-04-11,94,87,181
"E54000039",2023-04-12,125,95,220
"E54000039",2023-04-13,141,117,258
"E54000039",2023-04-14,148,92,240
"E54000039",2023-04-15,91,91,182
"E54000039",2023-04-16,55,47,102
"E54000039",2023-04-17,92,116,208
"E54000039",2023-04-18,112,112,224
"E54000039",2023-04-19,128,137,265
"E54000039",2023-04-20,114,133,247
"E54000039",2023-04-21,128,141,269
"E54000039",2023-04-22,78,69,147
"E54000039",2023-04-23,60,56,116
"E54000039",2023-04-24,81,108,189
"E54000039",2023-04-25,136,101,237
"E54000039",2023-04-26,129,126,255
"E54000039",2023-04-27,115,147,262
"E54000039",2023-04-28,136,141,277
"E54000039",2023-04-29,80,80,160
"E54000039",2023-04-30,65,54,119
"E54000040",2023-04-01,130,92,222
"E54000040",2023-04-02,78,37,115
"E54000040",2023-04-03,107,74,181
"E54000040",2023-04-04,150,97,247
"E54000040",2023-04-05,158,111,269
"E54000040",2023-04-06,170,104,274
"E54000040",2023-04-07,178,95,273
"E54000040",2023-04-08,120,63,183
"E54000040",2023-04-09,100,46,146
"E54000040",2023-04-10,92,47,139
"E54000040",2023-04-11,127,72,199
"E54000040",2023-04-12,132,127,259
"E54000040",2023-04-13,159,94,253
"E54000040",2023-04-14,142,88,230
"E54000040",2023-04-15,127,75,202
"E54000040",2023-04-16,88,38,126
"E54000040",2023-04-17,114,78,192
"E54000040",2023-04-18,163,106,269
"E54000040",2023-04-19,156,116,272
"E54000040",2023-04-20,159,104,263
"E54000040",2023-04-21,167,119,286
"E54000040",2023-04-22,158,85,243
"E54000040",2023-04-23,86,46,132
"E54000040",2023-04-24,113,91,204
"E54000040",2023-04-25,156,123,279
"E54000040",2023-04-26,162,106,268
"E54000040",2023-04-27,174,103,277
"E54000040",2023-04-28,160,125,285
"E54000040",2023-04-29,157,65,222
"E54000040",2023-04-30,97,55,152
"E54000041",2023-04-01,80,38,118
"E54000041",2023-04-02,66,22,88
"E54000041",2023-04-03,93,53,146
"E54000041",2023-04-04,142,53,195
"E54000041",2023-04-05,112,74,186
"E54000041",2023-04-06,115,87,202
"E54000041",2023-04-07,94,53,147
"E54000041",2023-04-08,78,34,112
"E54000041",2023-04-09,62,22,84
"E54000041",2023-04-10,47,18,65
"E54000041",2023-04-11,82,56,138
"E54000041",2023-04-12,115,68,183
"E54000041",2023-04-13,111,43,154
"E54000041",2023-04-14,112,50,162
"E54000041",2023-04-15,67,30,97
"E54000041",2023-04-16,60,25,85
"E54000041",2023-04-17,85,64,149
"E54000041",2023-04-18,100,55,155
"E54000041",2023-04-19,120,61,181
"E54000041",2023-04-20,128,82,210
"E54000041",2023-04-21,153,33,186
"E54000041",2023-04-22,66,35,101
"E54000041",2023-04-23,66,27,93
"E54000041",2023-04-24,86,80,166
"E54000041",2023-04-25,134,84,218
"E54000041",2023-04-26,110,73,183
"E54000041",2023-04-27,110,72,182
"E54000041",2023-04-28,118,85,203
"E54000041",2023-04-29,95,46,141
"E54000041",2023-04-30,77,36,113
"E54000043",2023-04-01,50,17,67
"E54000043",2023-04-02,30,3,33
"E54000043",2023-04-03,48,29,77
"E54000043",2023-04-04,58,24,82
"E54000043",2023-04-05,53,11,64
"E54000043",2023-04-06,68,37,105
"E54000043",2023-04-07,59,23,82
"E54000043",2023-04-08,44,14,58
"E54000043",2023-04-09,28,10,38
"E54000043",2023-04-10,43,13,56
"E54000043",2023-04-11,48,32,80
"E54000043",2023-04-12,47,22,69
"E54000043",2023-04-13,55,19,74
"E54000043",2023-04-14,55,23,78
"E54000043",2023-04-15,34,8,42
"E54000043",2023-04-16,27,12,39
"E54000043",2023-04-17,48,15,63
"E54000043",2023-04-18,45,23,68
"E54000043",2023-04-19,57,22,79
"E54000043",2023-04-20,48,27,75
"E54000043",2023-04-21,76,38,114
"E54000043",2023-04-22,46,12,58
"E54000043",2023-04-23,28,3,31
"E54000043",2023-04-24,50,27,77
"E54000043",2023-04-25,47,22,69
"E54000043",2023-04-26,51,26,77
"E54000043",2023-04-27,56,23,79
"E54000043",2023-04-28,58,33,91
"E54000043",2023-04-29,38,20,58
"E54000043",2023-04-30,42,13,55
"E54000056",2023-05-01,79,56,135
"E54000056",2023-05-02,84,61,145
"E54000056",2023-05-03,107,84,191
"E54000056",2023-05-04,116,86,202
"E54000056",2023-05-05,122,91,213
"E54000056",2023-05-06,115,87,202
"E54000056",2023-05-07,70,30,100
"E54000056",2023-05-08,62,48,110
"E54000056",2023-05-09,90,45,135
"E54000056",2023-05-10,99,90,189
"E54000056",2023-05-11,108,100,208
"E54000056",2023-05-12,114,122,236
"E54000056",2023-05-13,103,75,178
"E54000056",2023-05-14,84,46,130
"E54000056",2023-05-15,91,59,150
"E54000056",2023-05-16,130,110,240
"E54000056",2023-05-17,132,101,233
"E54000056",2023-05-18,147,82,229
"E54000056",2023-05-19,145,108,253
"E54000056",2023-05-20,133,80,213
"E54000056",2023-05-21,82,47,129
"E54000056",2023-05-22,92,62,154
"E54000056",2023-05-23,103,98,201
"E54000056",2023-05-24,132,96,228
"E54000056",2023-05-25,136,83,219
"E54000056",2023-05-26,134,91,225
"E54000056",2023-05-27,115,101,216
"E54000056",2023-05-28,78,54,132
"E54000056",2023-05-29,79,50,129
"E54000056",2023-05-30,82,61,143
"E54000056",2023-05-31,102,69,171
"E54000022",2023-05-01,112,63,175
"E54000022",2023-05-02,137,66,203
"E54000022",2023-05-03,178,122,300
"E54000022",2023-05-04,209,104,313
"E54000022",2023-05-05,187,109,296
"E54000022",2023-05-06,140,86,226
"E54000022",2023-05-07,140,56,196
"E54000022",2023-05-08,99,37,136
"E54000022",2023-05-09,124,77,201
"E54000022",2023-05-10,164,91,255
"E54000022",2023-05-11,174,135,309
"E54000022",2023-05-12,181,118,299
"E54000022",2023-05-13,170,96,266
"E54000022",2023-05-14,123,48,171
"E54000022",2023-05-15,120,63,183
"E54000022",2023-05-16,185,115,300
"E54000022",2023-05-17,181,107,288
"E54000022",2023-05-18,197,107,304
"E54000022",2023-05-19,189,113,302
"E54000022",2023-05-20,163,112,275
"E54000022",2023-05-21,145,55,200
"E54000022",2023-05-22,119,62,181
"E54000022",2023-05-23,189,87,276
"E54000022",2023-05-24,185,109,294
"E54000022",2023-05-25,165,101,266
"E54000022",2023-05-26,205,94,299
"E54000022",2023-05-27,175,90,265
"E54000022",2023-05-28,111,51,162
"E54000022",2023-05-29,102,48,150
"E54000022",2023-05-30,140,59,199
"E54000022",2023-05-31,204,88,292
"E54000023",2023-05-01,67,41,108
"E54000023",2023-05-02,121,84,205
"E54000023",2023-05-03,156,107,263
"E54000023",2023-05-04,148,101,249
"E54000023",2023-05-05,193,100,293
"E54000023",2023-05-06,100,43,143
"E54000023",2023-05-07,90,55,145
"E54000023",2023-05-08,91,35,126
"E54000023",2023-05-09,123,95,218
"E54000023",2023-05-10,120,70,190
"E54000023",2023-05-11,138,95,233
"E54000023",2023-05-12,153,119,272
"E54000023",2023-05-13,103,42,145
"E54000023",2023-05-14,103,35,138
"E54000023",2023-05-15,125,110,235
"E54000023",2023-05-16,154,87,241
"E54000023",2023-05-17,140,90,230
"E54000023",2023-05-18,148,94,242
"E54000023",2023-05-19,163,117,280
"E54000023",2023-05-20,105,62,167
"E54000023",2023-05-21,73,29,102
"E54000023",2023-05-22,116,98,214
"E54000023",2023-05-23,151,84,235
"E54000023",2023-05-24,149,82,231
"E54000023",2023-05-25,145,123,268
"E54000023",2023-05-26,147,92,239
"E54000023",2023-05-27,57,31,88
"E54000023",2023-05-28,46,34,80
"E54000023",2023-05-29,75,31,106
"E54000023",2023-05-30,121,89,210
"E54000023",2023-05-31,135,95,230
"E54000024",2023-05-01,58,36,94
"E54000024",2023-05-02,92,70,162
"E54000024",2023-05-03,156,64,220
"E54000024",2023-05-04,152,78,230
"E54000024",2023-05-05,169,69,238
"E54000024",2023-05-06,90,37,127
"E54000024",2023-05-07,63,23,86
"E54000024",2023-05-08,59,37,96
"E54000024",2023-05-09,115,59,174
"E54000024",2023-05-10,146,78,224
"E54000024",2023-05-11,119,82,201
"E54000024",2023-05-12,124,89,213
"E54000024",2023-05-13,78,79,157
"E54000024",2023-05-14,60,25,85
"E54000024",2023-05-15,129,69,198
"E54000024",2023-05-16,131,84,215
"E54000024",2023-05-17,113,68,181
"E54000024",2023-05-18,113,70,183
"E54000024",2023-05-19,146,103,249
"E54000024",2023-05-20,76,54,130
"E54000024",2023-05-21,57,35,92
"E54000024",2023-05-22,110,62,172
"E54000024",2023-05-23,130,72,202
"E54000024",2023-05-24,149,68,217
"E54000024",2023-05-25,143,70,213
"E54000024",2023-05-26,148,74,222
"E54000024",2023-05-27,75,41,116
"E54000024",2023-05-28,57,31,88
"E54000024",2023-05-29,54,28,82
"E54000024",2023-05-30,88,67,155
"E54000024",2023-05-31,127,63,190
"E54000025",2023-05-01,88,45,133
"E54000025",2023-05-02,83,85,168
"E54000025",2023-05-03,147,89,236
"E54000025",2023-05-04,111,91,202
"E54000025",2023-05-05,151,123,274
"E54000025",2023-05-06,121,80,201
"E54000025",2023-05-07,80,57,137
"E54000025",2023-05-08,87,56,143
"E54000025",2023-05-09,88,98,186
"E54000025",2023-05-10,141,100,241
"E54000025",2023-05-11,146,103,249
"E54000025",2023-05-12,174,113,287
"E54000025",2023-05-13,97,68,165
"E54000025",2023-05-14,69,54,123
"E54000025",2023-05-15,109,104,213
"E54000025",2023-05-16,128,99,227
"E54000025",2023-05-17,156,103,259
"E54000025",2023-05-18,242,173,415
"E54000025",2023-05-19,137,122,259
"E54000025",2023-05-20,64,87,151
"E54000025",2023-05-21,76,43,119
"E54000025",2023-05-22,80,80,160
"E54000025",2023-05-23,127,85,212
"E54000025",2023-05-24,162,102,264
"E54000025",2023-05-25,137,92,229
"E54000025",2023-05-26,137,111,248
"E54000025",2023-05-27,106,62,168
"E54000025",2023-05-28,92,47,139
"E54000025",2023-05-29,92,44,136
"E54000025",2023-05-30,110,92,202
"E54000025",2023-05-31,113,115,228
"E54000026",2023-05-01,139,10,149
"E54000026",2023-05-02,210,10,220
"E54000026",2023-05-03,276,20,296
"E54000026",2023-05-04,266,21,287
"E54000026",2023-05-05,295,19,314
"E54000026",2023-05-06,216,14,230
"E54000026",2023-05-07,194,9,203
"E54000026",2023-05-08,154,7,161
"E54000026",2023-05-09,221,13,234
"E54000026",2023-05-10,263,15,278
"E54000026",2023-05-11,266,20,286
"E54000026",2023-05-12,268,19,287
"E54000026",2023-05-13,192,12,204
"E54000026",2023-05-14,150,6,156
"E54000026",2023-05-15,267,16,283
"E54000026",2023-05-16,263,21,284
"E54000026",2023-05-17,285,18,303
"E54000026",2023-05-18,277,17,294
"E54000026",2023-05-19,296,20,316
"E54000026",2023-05-20,205,8,213
"E54000026",2023-05-21,156,8,164
"E54000026",2023-05-22,212,17,229
"E54000026",2023-05-23,289,20,309
"E54000026",2023-05-24,270,16,286
"E54000026",2023-05-25,276,17,293
"E54000026",2023-05-26,314,23,337
"E54000026",2023-05-27,216,14,230
"E54000026",2023-05-28,185,7,192
"E54000026",2023-05-29,160,10,170
"E54000026",2023-05-30,218,10,228
"E54000026",2023-05-31,284,20,304
"E54000027",2023-05-01,124,41,165
"E54000027",2023-05-02,178,93,271
"E54000027",2023-05-03,223,116,339
"E54000027",2023-05-04,248,86,334
"E54000027",2023-05-05,288,130,418
"E54000027",2023-05-06,198,94,292
"E54000027",2023-05-07,132,54,186
"E54000027",2023-05-08,105,42,147
"E54000027",2023-05-09,135,75,210
"E54000027",2023-05-10,180,104,284
"E54000027",2023-05-11,193,112,305
"E54000027",2023-05-12,224,134,358
"E54000027",2023-05-13,187,98,285
"E54000027",2023-05-14,104,42,146
"E54000027",2023-05-15,161,82,243
"E54000027",2023-05-16,254,139,393
"E54000027",2023-05-17,227,136,363
"E54000027",2023-05-18,268,111,379
"E54000027",2023-05-19,259,148,407
"E54000027",2023-05-20,201,95,296
"E54000027",2023-05-21,170,56,226
"E54000027",2023-05-22,158,76,234
"E54000027",2023-05-23,236,108,344
"E54000027",2023-05-24,255,92,347
"E54000027",2023-05-25,217,104,321
"E54000027",2023-05-26,301,140,441
"E54000027",2023-05-27,211,120,331
"E54000027",2023-05-28,140,64,204
"E54000027",2023-05-29,131,46,177
"E54000027",2023-05-30,162,77,239
"E54000027",2023-05-31,195,121,316
"E54000028",2023-05-01,82,87,169
"E54000028",2023-05-02,92,100,192
"E54000028",2023-05-03,130,84,214
"E54000028",2023-05-04,147,147,294
"E54000028",2023-05-05,174,143,317
"E54000028",2023-05-06,158,172,330
"E54000028",2023-05-07,123,101,224
"E54000028",2023-05-08,104,79,183
"E54000028",2023-05-09,70,103,173
"E54000028",2023-05-10,135,132,267
"E54000028",2023-05-11,177,137,314
"E54000028",2023-05-12,145,158,303
"E54000028",2023-05-13,175,141,316
"E54000028",2023-05-14,128,93,221
"E54000028",2023-05-15,99,88,187
"E54000028",2023-05-16,150,131,281
"E54000028",2023-05-17,182,123,305
"E54000028",2023-05-18,199,145,344
"E54000028",2023-05-19,204,141,345
"E54000028",2023-05-20,194,153,347
"E54000028",2023-05-21,127,93,220
"E54000028",2023-05-22,97,101,198
"E54000028",2023-05-23,116,135,251
"E54000028",2023-05-24,159,130,289
"E54000028",2023-05-25,168,133,301
"E54000028",2023-05-26,179,152,331
"E54000028",2023-05-27,190,168,358
"E54000028",2023-05-28,157,105,262
"E54000028",2023-05-29,88,79,167
"E54000028",2023-05-30,117,100,217
"E54000028",2023-05-31,101,132,233
"E54000029",2023-05-01,121,81,202
"E54000029",2023-05-02,94,111,205
"E54000029",2023-05-03,139,157,296
"E54000029",2023-05-04,198,185,383
"E54000029",2023-05-05,173,191,364
"E54000029",2023-05-06,150,170,320
"E54000029",2023-05-07,155,84,239
"E54000029",2023-05-08,94,77,171
"E54000029",2023-05-09,92,110,202
"E54000029",2023-05-10,140,196,336
"E54000029",2023-05-11,178,162,340
"E54000029",2023-05-12,177,156,333
"E54000029",2023-05-13,148,129,277
"E54000029",2023-05-14,127,87,214
"E54000029",2023-05-15,114,109,223
"E54000029",2023-05-16,153,164,317
"E54000029",2023-05-17,173,206,379
"E54000029",2023-05-18,177,164,341
"E54000029",2023-05-19,188,186,374
"E54000029",2023-05-20,180,152,332
"E54000029",2023-05-21,100,86,186
"E54000029",2023-05-22,102,143,245
"E54000029",2023-05-23,175,175,350
"E54000029",2023-05-24,183,154,337
"E54000029",2023-05-25,197,172,369
"E54000029",2023-05-26,196,163,359
"E54000029",2023-05-27,173,143,316
"E54000029",2023-05-28,113,86,199
"E54000029",2023-05-29,99,82,181
"E54000029",2023-05-30,110,91,201
"E54000029",2023-05-31,151,161,312
"E54000030",2023-05-01,111,56,167
"E54000030",2023-05-02,149,94,243
"E54000030",2023-05-03,241,122,363
"E54000030",2023-05-04,214,113,327
"E54000030",2023-05-05,203,151,354
"E54000030",2023-05-06,127,89,216
"E54000030",2023-05-07,121,62,183
"E54000030",2023-05-08,112,55,167
"E54000030",2023-05-09,163,115,278
"E54000030",2023-05-10,196,140,336
"E54000030",2023-05-11,182,137,319
"E54000030",2023-05-12,211,121,332
"E54000030",2023-05-13,127,74,201
"E54000030",2023-05-14,81,72,153
"E54000030",2023-05-15,161,160,321
"E54000030",2023-05-16,214,172,386
"E54000030",2023-05-17,216,157,373
"E54000030",2023-05-18,208,205,413
"E54000030",2023-05-19,209,147,356
"E54000030",2023-05-20,156,71,227
"E54000030",2023-05-21,108,38,146
"E54000030",2023-05-22,168,166,334
"E54000030",2023-05-23,237,173,410
"E54000030",2023-05-24,252,180,432
"E54000030",2023-05-25,248,127,375
"E54000030",2023-05-26,223,165,388
"E54000030",2023-05-27,186,95,281
"E54000030",2023-05-28,133,61,194
"E54000030",2023-05-29,126,53,179
"E54000030",2023-05-30,139,123,262
"E54000030",2023-05-31,216,146,362
"E54000031",2023-05-01,35,30,65
"E54000031",2023-05-02,62,52,114
"E54000031",2023-05-03,103,76,179
"E54000031",2023-05-04,107,62,169
"E54000031",2023-05-05,106,81,187
"E54000031",2023-05-06,86,44,130
"E54000031",2023-05-07,47,18,65
"E54000031",2023-05-08,40,29,69
"E54000031",2023-05-09,48,51,99
"E54000031",2023-05-10,94,78,172
"E54000031",2023-05-11,109,68,177
"E54000031",2023-05-12,122,92,214
"E54000031",2023-05-13,73,41,114
"E54000031",2023-05-14,57,33,90
"E54000031",2023-05-15,64,50,114
"E54000031",2023-05-16,98,80,178
"E54000031",2023-05-17,94,92,186
"E54000031",2023-05-18,107,77,184
"E54000031",2023-05-19,100,83,183
"E54000031",2023-05-20,45,22,67
"E54000031",2023-05-21,62,24,86
"E54000031",2023-05-22,81,55,136
"E54000031",2023-05-23,129,114,243
"E54000031",2023-05-24,134,123,257
"E54000031",2023-05-25,124,112,236
"E54000031",2023-05-26,157,148,305
"E54000031",2023-05-27,98,88,186
"E54000031",2023-05-28,75,58,133
"E54000031",2023-05-29,62,30,92
"E54000031",2023-05-30,68,88,156
"E54000031",2023-05-31,140,123,263
"E54000010",2023-05-01,65,34,99
"E54000010",2023-05-02,83,59,142
"E54000010",2023-05-03,113,47,160
"E54000010",2023-05-04,118,49,167
"E54000010",2023-05-05,123,76,199
"E54000010",2023-05-06,88,35,123
"E54000010",2023-05-07,76,18,94
"E54000010",2023-05-08,75,26,101
"E54000010",2023-05-09,94,55,149
"E54000010",2023-05-10,118,61,179
"E54000010",2023-05-11,123,66,189
"E54000010",2023-05-12,126,49,175
"E54000010",2023-05-13,104,40,144
"E54000010",2023-05-14,62,39,101
"E54000010",2023-05-15,85,61,146
"E54000010",2023-05-16,115,67,182
"E54000010",2023-05-17,116,53,169
"E54000010",2023-05-18,104,57,161
"E54000010",2023-05-19,132,56,188
"E54000010",2023-05-20,96,38,134
"E54000010",2023-05-21,59,25,84
"E54000010",2023-05-22,95,50,145
"E54000010",2023-05-23,95,74,169
"E54000010",2023-05-24,115,44,159
"E54000010",2023-05-25,124,50,174
"E54000010",2023-05-26,124,82,206
"E54000010",2023-05-27,83,33,116
"E54000010",2023-05-28,65,36,101
"E54000010",2023-05-29,72,24,96
"E54000010",2023-05-30,83,57,140
"E54000010",2023-05-31,118,53,171
"E54000011",2023-05-01,43,24,67
"E54000011",2023-05-02,42,26,68
"E54000011",2023-05-03,49,48,97
"E54000011",2023-05-04,51,46,97
"E54000011",2023-05-05,58,62,120
"E54000011",2023-05-06,56,75,131
"E54000011",2023-05-07,50,36,86
"E54000011",2023-05-08,40,13,53
"E54000011",2023-05-09,42,26,68
"E54000011",2023-05-10,45,57,102
"E54000011",2023-05-11,63,56,119
"E54000011",2023-05-12,65,41,106
"E54000011",2023-05-13,56,83,139
"E54000011",2023-05-14,52,26,78
"E54000011",2023-05-15,26,21,47
"E54000011",2023-05-16,68,61,129
"E54000011",2023-05-17,61,56,117
"E54000011",2023-05-18,50,71,121
"E54000011",2023-05-19,55,54,109
"E54000011",2023-05-20,65,59,124
"E54000011",2023-05-21,43,27,70
"E54000011",2023-05-22,17,27,44
"E54000011",2023-05-23,54,55,109
"E54000011",2023-05-24,78,63,141
"E54000011",2023-05-25,84,50,134
"E54000011",2023-05-26,77,54,131
"E54000011",2023-05-27,85,72,157
"E54000011",2023-05-28,36,39,75
"E54000011",2023-05-29,42,30,72
"E54000011",2023-05-30,36,20,56
"E54000011",2023-05-31,57,46,103
"E54000058",2023-05-01,124,46,170
"E54000058",2023-05-02,153,94,247
"E54000058",2023-05-03,159,117,276
"E54000058",2023-05-04,199,130,329
"E54000058",2023-05-05,233,165,398
"E54000058",2023-05-06,177,74,251
"E54000058",2023-05-07,129,46,175
"E54000058",2023-05-08,119,33,152
"E54000058",2023-05-09,139,89,228
"E54000058",2023-05-10,207,135,342
"E54000058",2023-05-11,184,108,292
"E54000058",2023-05-12,200,138,338
"E54000058",2023-05-13,163,70,233
"E54000058",2023-05-14,93,54,147
"E54000058",2023-05-15,160,120,280
"E54000058",2023-05-16,202,125,327
"E54000058",2023-05-17,201,117,318
"E54000058",2023-05-18,210,137,347
"E54000058",2023-05-19,227,144,371
"E54000058",2023-05-20,165,64,229
"E54000058",2023-05-21,95,54,149
"E54000058",2023-05-22,156,126,282
"E54000058",2023-05-23,195,121,316
"E54000058",2023-05-24,185,112,297
"E54000058",2023-05-25,204,129,333
"E54000058",2023-05-26,238,160,398
"E54000058",2023-05-27,170,64,234
"E54000058",2023-05-28,89,59,148
"E54000058",2023-05-29,151,51,202
"E54000058",2023-05-30,152,124,276
"E54000058",2023-05-31,168,107,275
"E54000013",2023-05-01,39,27,66
"E54000013",2023-05-02,49,67,116
"E54000013",2023-05-03,85,84,169
"E54000013",2023-05-04,79,67,146
"E54000013",2023-05-05,54,50,104
"E54000013",2023-05-06,31,14,45
"E54000013",2023-05-07,14,10,24
"E54000013",2023-05-08,42,30,72
"E54000013",2023-05-09,57,52,109
"E54000013",2023-05-10,96,78,174
"E54000013",2023-05-11,69,63,132
"E54000013",2023-05-12,80,59,139
"E54000013",2023-05-13,30,19,49
"E54000013",2023-05-14,18,9,27
"E54000013",2023-05-15,63,70,133
"E54000013",2023-05-16,78,81,159
"E54000013",2023-05-17,90,67,157
"E54000013",2023-05-18,66,64,130
"E54000013",2023-05-19,57,67,124
"E54000013",2023-05-20,35,12,47
"E54000013",2023-05-21,11,4,15
"E54000013",2023-05-22,69,58,127
"E54000013",2023-05-23,88,69,157
"E54000013",2023-05-24,95,76,171
"E54000013",2023-05-25,83,92,175
"E54000013",2023-05-26,63,79,142
"E54000013",2023-05-27,75,32,107
"E54000013",2023-05-28,23,23,46
"E54000013",2023-05-29,46,20,66
"E54000013",2023-05-30,47,55,102
"E54000013",2023-05-31,88,75,163
"E54000060",2023-05-01,99,44,143
"E54000060",2023-05-02,88,40,128
"E54000060",2023-05-03,176,131,307
"E54000060",2023-05-04,210,129,339
"E54000060",2023-05-05,218,136,354
"E54000060",2023-05-06,198,156,354
"E54000060",2023-05-07,167,125,292
"E54000060",2023-05-08,74,58,132
"E54000060",2023-05-09,77,54,131
"E54000060",2023-05-10,171,139,310
"E54000060",2023-05-11,204,152,356
"E54000060",2023-05-12,201,163,364
"E54000060",2023-05-13,201,163,364
"E54000060",2023-05-14,139,77,216
"E54000060",2023-05-15,92,57,149
"E54000060",2023-05-16,159,138,297
"E54000060",2023-05-17,228,125,353
"E54000060",2023-05-18,197,158,355
"E54000060",2023-05-19,186,131,317
"E54000060",2023-05-20,224,167,391
"E54000060",2023-05-21,125,50,175
"E54000060",2023-05-22,94,47,141
"E54000060",2023-05-23,168,109,277
"E54000060",2023-05-24,180,111,291
"E54000060",2023-05-25,217,150,367
"E54000060",2023-05-26,212,140,352
"E54000060",2023-05-27,223,108,331
"E54000060",2023-05-28,124,63,187
"E54000060",2023-05-29,86,61,147
"E54000060",2023-05-30,88,52,140
"E54000060",2023-05-31,166,114,280
"E54000015",2023-05-01,72,74,146
"E54000015",2023-05-02,96,116,212
"E54000015",2023-05-03,158,127,285
"E54000015",2023-05-04,157,112,269
"E54000015",2023-05-05,160,165,325
"E54000015",2023-05-06,126,88,214
"E54000015",2023-05-07,105,56,161
"E54000015",2023-05-08,102,63,165
"E54000015",2023-05-09,130,130,260
"E54000015",2023-05-10,138,126,264
"E54000015",2023-05-11,133,127,260
"E54000015",2023-05-12,155,142,297
"E54000015",2023-05-13,158,78,236
"E54000015",2023-05-14,101,58,159
"E54000015",2023-05-15,107,116,223
"E54000015",2023-05-16,146,146,292
"E54000015",2023-05-17,137,138,275
"E54000015",2023-05-18,162,147,309
"E54000015",2023-05-19,159,158,317
"E54000015",2023-05-20,103,90,193
"E54000015",2023-05-21,101,54,155
"E54000015",2023-05-22,122,135,257
"E54000015",2023-05-23,175,131,306
"E54000015",2023-05-24,127,162,289
"E54000015",2023-05-25,122,129,251
"E54000015",2023-05-26,182,165,347
"E54000015",2023-05-27,135,55,190
"E54000015",2023-05-28,0,0,0
"E54000015",2023-05-29,94,49,143
"E54000015",2023-05-30,99,125,224
"E54000015",2023-05-31,141,121,262
"E54000062",2023-05-01,128,64,192
"E54000062",2023-05-02,123,68,191
"E54000062",2023-05-03,149,130,279
"E54000062",2023-05-04,199,110,309
"E54000062",2023-05-05,200,124,324
"E54000062",2023-05-06,174,132,306
"E54000062",2023-05-07,148,75,223
"E54000062",2023-05-08,136,57,193
"E54000062",2023-05-09,145,82,227
"E54000062",2023-05-10,163,98,261
"E54000062",2023-05-11,175,120,295
"E54000062",2023-05-12,227,130,357
"E54000062",2023-05-13,160,124,284
"E54000062",2023-05-14,138,73,211
"E54000062",2023-05-15,171,93,264
"E54000062",2023-05-16,169,101,270
"E54000062",2023-05-17,203,111,314
"E54000062",2023-05-18,192,114,306
"E54000062",2023-05-19,173,126,299
"E54000062",2023-05-20,160,119,279
"E54000062",2023-05-21,132,60,192
"E54000062",2023-05-22,127,63,190
"E54000062",2023-05-23,198,162,360
"E54000062",2023-05-24,221,104,325
"E54000062",2023-05-25,207,138,345
"E54000062",2023-05-26,167,135,302
"E54000062",2023-05-27,188,129,317
"E54000062",2023-05-28,164,82,246
"E54000062",2023-05-29,111,48,159
"E54000062",2023-05-30,124,55,179
"E54000062",2023-05-31,140,68,208
"E54000055",2023-05-01,15,12,27
"E54000055",2023-05-02,21,18,39
"E54000055",2023-05-03,9,21,30
"E54000055",2023-05-04,26,18,44
"E54000055",2023-05-05,34,20,54
"E54000055",2023-05-06,26,19,45
"E54000055",2023-05-07,21,8,29
"E54000055",2023-05-08,21,10,31
"E54000055",2023-05-09,15,21,36
"E54000055",2023-05-10,24,16,40
"E54000055",2023-05-11,28,20,48
"E54000055",2023-05-12,28,27,55
"E54000055",2023-05-13,25,23,48
"E54000055",2023-05-14,24,14,38
"E54000055",2023-05-15,18,19,37
"E54000055",2023-05-16,12,25,37
"E54000055",2023-05-17,23,19,42
"E54000055",2023-05-18,15,16,31
"E54000055",2023-05-19,30,31,61
"E54000055",2023-05-20,17,21,38
"E54000055",2023-05-21,27,11,38
"E54000055",2023-05-22,18,24,42
"E54000055",2023-05-23,16,32,48
"E54000055",2023-05-24,17,17,34
"E54000055",2023-05-25,31,22,53
"E54000055",2023-05-26,25,20,45
"E54000055",2023-05-27,18,19,37
"E54000055",2023-05-28,27,11,38
"E54000055",2023-05-29,0,0,0
"E54000055",2023-05-30,0,0,0
"E54000055",2023-05-31,0,0,0
"E54000018",2023-05-01,57,39,96
"E54000018",2023-05-02,70,57,127
"E54000018",2023-05-03,70,69,139
"E54000018",2023-05-04,91,80,171
"E54000018",2023-05-05,119,78,197
"E54000018",2023-05-06,94,68,162
"E54000018",2023-05-07,74,62,136
"E54000018",2023-05-08,58,35,93
"E54000018",2023-05-09,74,49,123
"E54000018",2023-05-10,87,83,170
"E54000018",2023-05-11,108,72,180
"E54000018",2023-05-12,119,95,214
"E54000018",2023-05-13,103,57,160
"E54000018",2023-05-14,65,60,125
"E54000018",2023-05-15,67,78,145
"E54000018",2023-05-16,87,90,177
"E54000018",2023-05-17,96,88,184
"E54000018",2023-05-18,130,95,225
"E54000018",2023-05-19,126,103,229
"E54000018",2023-05-20,139,102,241
"E54000018",2023-05-21,95,50,145
"E54000018",2023-05-22,76,49,125
"E54000018",2023-05-23,101,63,164
"E54000018",2023-05-24,110,89,199
"E54000018",2023-05-25,112,72,184
"E54000018",2023-05-26,119,80,199
"E54000018",2023-05-27,107,81,188
"E54000018",2023-05-28,93,57,150
"E54000018",2023-05-29,74,34,108
"E54000018",2023-05-30,90,75,165
"E54000018",2023-05-31,114,89,203
"E54000019",2023-05-01,22,7,29
"E54000019",2023-05-02,21,15,36
"E54000019",2023-05-03,30,26,56
"E54000019",2023-05-04,34,26,60
"E54000019",2023-05-05,39,19,58
"E54000019",2023-05-06,21,11,32
"E54000019",2023-05-07,17,15,32
"E54000019",2023-05-08,28,5,33
"E54000019",2023-05-09,19,19,38
"E54000019",2023-05-10,37,12,49
"E54000019",2023-05-11,36,26,62
"E54000019",2023-05-12,33,39,72
"E54000019",2023-05-13,32,11,43
"E54000019",2023-05-14,23,6,29
"E54000019",2023-05-15,15,22,37
"E54000019",2023-05-16,41,28,69
"E54000019",2023-05-17,10,21,31
"E54000019",2023-05-18,26,16,42
"E54000019",2023-05-19,39,34,73
"E54000019",2023-05-20,7,17,24
"E54000019",2023-05-21,22,8,30
"E54000019",2023-05-22,20,21,41
"E54000019",2023-05-23,39,33,72
"E54000019",2023-05-24,29,32,61
"E54000019",2023-05-25,34,25,59
"E54000019",2023-05-26,33,29,62
"E54000019",2023-05-27,34,18,52
"E54000019",2023-05-28,24,12,36
"E54000019",2023-05-29,20,7,27
"E54000019",2023-05-30,24,24,48
"E54000019",2023-05-31,29,23,52
"E54000059",2023-05-01,73,53,126
"E54000059",2023-05-02,52,23,75
"E54000059",2023-05-03,53,53,106
"E54000059",2023-05-04,93,45,138
"E54000059",2023-05-05,93,56,149
"E54000059",2023-05-06,93,83,176
"E54000059",2023-05-07,83,45,128
"E54000059",2023-05-08,73,39,112
"E54000059",2023-05-09,48,20,68
"E54000059",2023-05-10,63,52,115
"E54000059",2023-05-11,76,55,131
"E54000059",2023-05-12,94,67,161
"E54000059",2023-05-13,92,64,156
"E54000059",2023-05-14,92,36,128
"E54000059",2023-05-15,50,28,78
"E54000059",2023-05-16,73,62,135
"E54000059",2023-05-17,85,57,142
"E54000059",2023-05-18,83,45,128
"E54000059",2023-05-19,94,59,153
"E54000059",2023-05-20,76,63,139
"E54000059",2023-05-21,62,39,101
"E54000059",2023-05-22,44,42,86
"E54000059",2023-05-23,65,57,122
"E54000059",2023-05-24,76,71,147
"E54000059",2023-05-25,70,54,124
"E54000059",2023-05-26,83,54,137
"E54000059",2023-05-27,81,68,149
"E54000059",2023-05-28,72,57,129
"E54000059",2023-05-29,37,31,68
"E54000059",2023-05-30,22,10,32
"E54000059",2023-05-31,27,18,45
"E54000061",2023-05-01,149,83,232
"E54000061",2023-05-02,140,82,222
"E54000061",2023-05-03,164,166,330
"E54000061",2023-05-04,195,161,356
"E54000061",2023-05-05,199,209,408
"E54000061",2023-05-06,193,181,374
"E54000061",2023-05-07,149,112,261
"E54000061",2023-05-08,120,104,224
"E54000061",2023-05-09,136,119,255
"E54000061",2023-05-10,157,197,354
"E54000061",2023-05-11,177,189,366
"E54000061",2023-05-12,194,215,409
"E54000061",2023-05-13,206,175,381
"E54000061",2023-05-14,133,107,240
"E54000061",2023-05-15,113,137,250
"E54000061",2023-05-16,146,168,314
"E54000061",2023-05-17,191,200,391
"E54000061",2023-05-18,196,201,397
"E54000061",2023-05-19,178,194,372
"E54000061",2023-05-20,182,161,343
"E54000061",2023-05-21,106,92,198
"E54000061",2023-05-22,127,122,249
"E54000061",2023-05-23,140,163,303
"E54000061",2023-05-24,212,127,339
"E54000061",2023-05-25,203,175,378
"E54000061",2023-05-26,175,201,376
"E54000061",2023-05-27,187,163,350
"E54000061",2023-05-28,57,25,82
"E54000061",2023-05-29,99,73,172
"E54000061",2023-05-30,93,99,192
"E54000061",2023-05-31,107,137,244
"E54000050",2023-05-01,214,142,356
"E54000050",2023-05-02,281,238,519
"E54000050",2023-05-03,368,315,683
"E54000050",2023-05-04,465,345,810
"E54000050",2023-05-05,437,370,807
"E54000050",2023-05-06,337,282,619
"E54000050",2023-05-07,247,188,435
"E54000050",2023-05-08,235,161,396
"E54000050",2023-05-09,306,244,550
"E54000050",2023-05-10,390,345,735
"E54000050",2023-05-11,425,329,754
"E54000050",2023-05-12,408,311,719
"E54000050",2023-05-13,341,286,627
"E54000050",2023-05-14,291,180,471
"E54000050",2023-05-15,293,238,531
"E54000050",2023-05-16,388,351,739
"E54000050",2023-05-17,377,283,660
"E54000050",2023-05-18,429,308,737
"E54000050",2023-05-19,426,322,748
"E54000050",2023-05-20,346,365,711
"E54000050",2023-05-21,286,204,490
"E54000050",2023-05-22,319,248,567
"E54000050",2023-05-23,439,305,744
"E54000050",2023-05-24,406,325,731
"E54000050",2023-05-25,432,319,751
"E54000050",2023-05-26,433,352,785
"E54000050",2023-05-27,313,248,561
"E54000050",2023-05-28,220,166,386
"E54000050",2023-05-29,215,142,357
"E54000050",2023-05-30,267,199,466
"E54000050",2023-05-31,353,300,653
"E54000051",2023-05-01,167,68,235
"E54000051",2023-05-02,186,165,351
"E54000051",2023-05-03,259,154,413
"E54000051",2023-05-04,269,192,461
"E54000051",2023-05-05,274,195,469
"E54000051",2023-05-06,157,91,248
"E54000051",2023-05-07,134,92,226
"E54000051",2023-05-08,144,55,199
"E54000051",2023-05-09,165,142,307
"E54000051",2023-05-10,264,191,455
"E54000051",2023-05-11,256,165,421
"E54000051",2023-05-12,282,221,503
"E54000051",2023-05-13,144,81,225
"E54000051",2023-05-14,94,65,159
"E54000051",2023-05-15,201,126,327
"E54000051",2023-05-16,270,180,450
"E54000051",2023-05-17,244,180,424
"E54000051",2023-05-18,269,172,441
"E54000051",2023-05-19,245,190,435
"E54000051",2023-05-20,133,119,252
"E54000051",2023-05-21,109,70,179
"E54000051",2023-05-22,203,168,371
"E54000051",2023-05-23,263,179,442
"E54000051",2023-05-24,255,200,455
"E54000051",2023-05-25,233,189,422
"E54000051",2023-05-26,243,194,437
"E54000051",2023-05-27,124,78,202
"E54000051",2023-05-28,152,76,228
"E54000051",2023-05-29,167,65,232
"E54000051",2023-05-30,178,133,311
"E54000051",2023-05-31,223,181,404
"E54000054",2023-05-01,230,123,353
"E54000054",2023-05-02,268,130,398
"E54000054",2023-05-03,303,199,502
"E54000054",2023-05-04,358,219,577
"E54000054",2023-05-05,378,260,638
"E54000054",2023-05-06,350,185,535
"E54000054",2023-05-07,201,157,358
"E54000054",2023-05-08,196,111,307
"E54000054",2023-05-09,239,172,411
"E54000054",2023-05-10,345,189,534
"E54000054",2023-05-11,379,181,560
"E54000054",2023-05-12,385,227,612
"E54000054",2023-05-13,336,174,510
"E54000054",2023-05-14,204,139,343
"E54000054",2023-05-15,287,178,465
"E54000054",2023-05-16,328,211,539
"E54000054",2023-05-17,364,234,598
"E54000054",2023-05-18,364,225,589
"E54000054",2023-05-19,407,233,640
"E54000054",2023-05-20,328,191,519
"E54000054",2023-05-21,224,112,336
"E54000054",2023-05-22,290,142,432
"E54000054",2023-05-23,339,204,543
"E54000054",2023-05-24,372,218,590
"E54000054",2023-05-25,346,241,587
"E54000054",2023-05-26,313,231,544
"E54000054",2023-05-27,319,168,487
"E54000054",2023-05-28,222,155,377
"E54000054",2023-05-29,213,133,346
"E54000054",2023-05-30,231,144,375
"E54000054",2023-05-31,297,193,490
"E54000057",2023-05-01,139,63,202
"E54000057",2023-05-02,221,171,392
"E54000057",2023-05-03,285,162,447
"E54000057",2023-05-04,293,166,459
"E54000057",2023-05-05,294,213,507
"E54000057",2023-05-06,181,123,304
"E54000057",2023-05-07,116,71,187
"E54000057",2023-05-08,137,65,202
"E54000057",2023-05-09,205,157,362
"E54000057",2023-05-10,284,157,441
"E54000057",2023-05-11,278,160,438
"E54000057",2023-05-12,300,193,493
"E54000057",2023-05-13,152,83,235
"E54000057",2023-05-14,100,56,156
"E54000057",2023-05-15,242,165,407
"E54000057",2023-05-16,317,169,486
"E54000057",2023-05-17,296,207,503
"E54000057",2023-05-18,302,194,496
"E54000057",2023-05-19,260,167,427
"E54000057",2023-05-20,208,78,286
"E54000057",2023-05-21,158,75,233
"E54000057",2023-05-22,235,151,386
"E54000057",2023-05-23,263,165,428
"E54000057",2023-05-24,290,153,443
"E54000057",2023-05-25,312,191,503
"E54000057",2023-05-26,282,190,472
"E54000057",2023-05-27,194,100,294
"E54000057",2023-05-28,137,71,208
"E54000057",2023-05-29,148,62,210
"E54000057",2023-05-30,221,167,388
"E54000057",2023-05-31,274,163,437
"E54000008",2023-05-01,150,104,254
"E54000008",2023-05-02,213,146,359
"E54000008",2023-05-03,284,233,517
"E54000008",2023-05-04,281,197,478
"E54000008",2023-05-05,316,249,565
"E54000008",2023-05-06,190,133,323
"E54000008",2023-05-07,147,88,235
"E54000008",2023-05-08,159,85,244
"E54000008",2023-05-09,238,159,397
"E54000008",2023-05-10,274,187,461
"E54000008",2023-05-11,276,179,455
"E54000008",2023-05-12,292,242,534
"E54000008",2023-05-13,190,95,285
"E54000008",2023-05-14,150,56,206
"E54000008",2023-05-15,222,190,412
"E54000008",2023-05-16,275,211,486
"E54000008",2023-05-17,282,157,439
"E54000008",2023-05-18,306,211,517
"E54000008",2023-05-19,294,206,500
"E54000008",2023-05-20,208,141,349
"E54000008",2023-05-21,127,43,170
"E54000008",2023-05-22,233,192,425
"E54000008",2023-05-23,271,164,435
"E54000008",2023-05-24,277,156,433
"E54000008",2023-05-25,289,154,443
"E54000008",2023-05-26,301,223,524
"E54000008",2023-05-27,203,105,308
"E54000008",2023-05-28,136,54,190
"E54000008",2023-05-29,154,72,226
"E54000008",2023-05-30,219,177,396
"E54000008",2023-05-31,264,172,436
"E54000048",2023-05-01,118,101,219
"E54000048",2023-05-02,121,123,244
"E54000048",2023-05-03,157,143,300
"E54000048",2023-05-04,194,177,371
"E54000048",2023-05-05,224,205,429
"E54000048",2023-05-06,181,130,311
"E54000048",2023-05-07,123,118,241
"E54000048",2023-05-08,107,79,186
"E54000048",2023-05-09,152,173,325
"E54000048",2023-05-10,194,167,361
"E54000048",2023-05-11,215,200,415
"E54000048",2023-05-12,229,219,448
"E54000048",2023-05-13,179,117,296
"E54000048",2023-05-14,119,77,196
"E54000048",2023-05-15,181,154,335
"E54000048",2023-05-16,169,184,353
"E54000048",2023-05-17,226,150,376
"E54000048",2023-05-18,211,190,401
"E54000048",2023-05-19,212,214,426
"E54000048",2023-05-20,159,110,269
"E54000048",2023-05-21,124,65,189
"E54000048",2023-05-22,166,159,325
"E54000048",2023-05-23,158,171,329
"E54000048",2023-05-24,223,183,406
"E54000048",2023-05-25,210,181,391
"E54000048",2023-05-26,226,200,426
"E54000048",2023-05-27,167,133,300
"E54000048",2023-05-28,114,90,204
"E54000048",2023-05-29,127,89,216
"E54000048",2023-05-30,153,173,326
"E54000048",2023-05-31,190,208,398
"E54000032",2023-05-01,93,47,140
"E54000032",2023-05-02,150,120,270
"E54000032",2023-05-03,167,172,339
"E54000032",2023-05-04,184,165,349
"E54000032",2023-05-05,195,183,378
"E54000032",2023-05-06,148,107,255
"E54000032",2023-05-07,106,69,175
"E54000032",2023-05-08,99,66,165
"E54000032",2023-05-09,139,129,268
"E54000032",2023-05-10,203,170,373
"E54000032",2023-05-11,178,144,322
"E54000032",2023-05-12,230,183,413
"E54000032",2023-05-13,130,90,220
"E54000032",2023-05-14,105,54,159
"E54000032",2023-05-15,156,135,291
"E54000032",2023-05-16,183,156,339
"E54000032",2023-05-17,183,153,336
"E54000032",2023-05-18,177,111,288
"E54000032",2023-05-19,226,176,402
"E54000032",2023-05-20,143,95,238
"E54000032",2023-05-21,99,40,139
"E54000032",2023-05-22,129,125,254
"E54000032",2023-05-23,169,142,311
"E54000032",2023-05-24,180,132,312
"E54000032",2023-05-25,228,130,358
"E54000032",2023-05-26,183,196,379
"E54000032",2023-05-27,119,94,213
"E54000032",2023-05-28,123,75,198
"E54000032",2023-05-29,117,52,169
"E54000032",2023-05-30,110,141,251
"E54000032",2023-05-31,198,143,341
"E54000034",2023-05-01,33,16,49
"E54000034",2023-05-02,38,40,78
"E54000034",2023-05-03,52,49,101
"E54000034",2023-05-04,38,69,107
"E54000034",2023-05-05,44,71,115
"E54000034",2023-05-06,30,29,59
"E54000034",2023-05-07,28,33,61
"E54000034",2023-05-08,42,32,74
"E54000034",2023-05-09,40,42,82
"E54000034",2023-05-10,59,49,108
"E54000034",2023-05-11,41,65,106
"E54000034",2023-05-12,48,75,123
"E54000034",2023-05-13,43,31,74
"E54000034",2023-05-14,28,24,52
"E54000034",2023-05-15,40,33,73
"E54000034",2023-05-16,38,46,84
"E54000034",2023-05-17,50,51,101
"E54000034",2023-05-18,36,62,98
"E54000034",2023-05-19,35,80,115
"E54000034",2023-05-20,22,51,73
"E54000034",2023-05-21,35,24,59
"E54000034",2023-05-22,40,36,76
"E54000034",2023-05-23,46,52,98
"E54000034",2023-05-24,34,65,99
"E54000034",2023-05-25,45,49,94
"E54000034",2023-05-26,42,15,57
"E54000034",2023-05-27,25,0,25
"E54000034",2023-05-28,30,25,55
"E54000034",2023-05-29,31,20,51
"E54000034",2023-05-30,29,36,65
"E54000034",2023-05-31,72,47,119
"E54000042",2023-05-01,127,72,199
"E54000042",2023-05-02,194,127,321
"E54000042",2023-05-03,194,153,347
"E54000042",2023-05-04,212,172,384
"E54000042",2023-05-05,232,186,418
"E54000042",2023-05-06,199,103,302
"E54000042",2023-05-07,113,62,175
"E54000042",2023-05-08,119,70,189
"E54000042",2023-05-09,185,143,328
"E54000042",2023-05-10,202,143,345
"E54000042",2023-05-11,240,131,371
"E54000042",2023-05-12,237,168,405
"E54000042",2023-05-13,177,110,287
"E54000042",2023-05-14,148,78,226
"E54000042",2023-05-15,145,141,286
"E54000042",2023-05-16,208,154,362
"E54000042",2023-05-17,232,151,383
"E54000042",2023-05-18,236,158,394
"E54000042",2023-05-19,257,193,450
"E54000042",2023-05-20,169,123,292
"E54000042",2023-05-21,116,82,198
"E54000042",2023-05-22,159,145,304
"E54000042",2023-05-23,248,160,408
"E54000042",2023-05-24,193,156,349
"E54000042",2023-05-25,281,191,472
"E54000042",2023-05-26,227,188,415
"E54000042",2023-05-27,196,116,312
"E54000042",2023-05-28,163,96,259
"E54000042",2023-05-29,134,81,215
"E54000042",2023-05-30,188,132,320
"E54000042",2023-05-31,224,150,374
"E54000044",2023-05-01,85,32,117
"E54000044",2023-05-02,122,65,187
"E54000044",2023-05-03,119,105,224
"E54000044",2023-05-04,152,114,266
"E54000044",2023-05-05,165,120,285
"E54000044",2023-05-06,139,91,230
"E54000044",2023-05-07,104,59,163
"E54000044",2023-05-08,111,45,156
"E54000044",2023-05-09,141,120,261
"E54000044",2023-05-10,170,135,305
"E54000044",2023-05-11,215,180,395
"E54000044",2023-05-12,176,107,283
"E54000044",2023-05-13,168,105,273
"E54000044",2023-05-14,127,69,196
"E54000044",2023-05-15,123,105,228
"E54000044",2023-05-16,191,150,341
"E54000044",2023-05-17,195,152,347
"E54000044",2023-05-18,192,145,337
"E54000044",2023-05-19,242,208,450
"E54000044",2023-05-20,139,106,245
"E54000044",2023-05-21,151,48,199
"E54000044",2023-05-22,119,89,208
"E54000044",2023-05-23,155,98,253
"E54000044",2023-05-24,145,104,249
"E54000044",2023-05-25,133,96,229
"E54000044",2023-05-26,171,104,275
"E54000044",2023-05-27,105,62,167
"E54000044",2023-05-28,112,47,159
"E54000044",2023-05-29,78,31,109
"E54000044",2023-05-30,101,82,183
"E54000044",2023-05-31,145,83,228
"E54000052",2023-05-01,77,32,109
"E54000052",2023-05-02,78,48,126
"E54000052",2023-05-03,91,72,163
"E54000052",2023-05-04,116,75,191
"E54000052",2023-05-05,140,83,223
"E54000052",2023-05-06,124,66,190
"E54000052",2023-05-07,85,49,134
"E54000052",2023-05-08,68,31,99
"E54000052",2023-05-09,69,62,131
"E54000052",2023-05-10,106,53,159
"E54000052",2023-05-11,131,87,218
"E54000052",2023-05-12,129,83,212
"E54000052",2023-05-13,135,67,202
"E54000052",2023-05-14,69,27,96
"E54000052",2023-05-15,61,46,107
"E54000052",2023-05-16,90,85,175
"E54000052",2023-05-17,114,71,185
"E54000052",2023-05-18,117,79,196
"E54000052",2023-05-19,141,79,220
"E54000052",2023-05-20,132,69,201
"E54000052",2023-05-21,67,41,108
"E54000052",2023-05-22,73,49,122
"E54000052",2023-05-23,99,63,162
"E54000052",2023-05-24,118,67,185
"E54000052",2023-05-25,134,77,211
"E54000052",2023-05-26,141,76,217
"E54000052",2023-05-27,131,46,177
"E54000052",2023-05-28,75,33,108
"E54000052",2023-05-29,97,41,138
"E54000052",2023-05-30,80,52,132
"E54000052",2023-05-31,113,72,185
"E54000053",2023-05-01,152,98,250
"E54000053",2023-05-02,209,168,377
"E54000053",2023-05-03,280,158,438
"E54000053",2023-05-04,292,115,407
"E54000053",2023-05-05,269,203,472
"E54000053",2023-05-06,209,77,286
"E54000053",2023-05-07,171,92,263
"E54000053",2023-05-08,156,85,241
"E54000053",2023-05-09,168,78,246
"E54000053",2023-05-10,222,126,348
"E54000053",2023-05-11,241,163,404
"E54000053",2023-05-12,276,175,451
"E54000053",2023-05-13,224,128,352
"E54000053",2023-05-14,192,79,271
"E54000053",2023-05-15,229,147,376
"E54000053",2023-05-16,250,137,387
"E54000053",2023-05-17,260,166,426
"E54000053",2023-05-18,226,142,368
"E54000053",2023-05-19,281,192,473
"E54000053",2023-05-20,180,76,256
"E54000053",2023-05-21,165,73,238
"E54000053",2023-05-22,212,131,343
"E54000053",2023-05-23,248,118,366
"E54000053",2023-05-24,293,154,447
"E54000053",2023-05-25,288,169,457
"E54000053",2023-05-26,274,177,451
"E54000053",2023-05-27,195,74,269
"E54000053",2023-05-28,144,57,201
"E54000053",2023-05-29,166,80,246
"E54000053",2023-05-30,213,171,384
"E54000053",2023-05-31,244,187,431
"E54000036",2023-05-01,42,26,68
"E54000036",2023-05-02,51,55,106
"E54000036",2023-05-03,49,61,110
"E54000036",2023-05-04,77,49,126
"E54000036",2023-05-05,76,73,149
"E54000036",2023-05-06,46,27,73
"E54000036",2023-05-07,41,30,71
"E54000036",2023-05-08,38,19,57
"E54000036",2023-05-09,43,40,83
"E54000036",2023-05-10,68,51,119
"E54000036",2023-05-11,54,60,114
"E54000036",2023-05-12,48,54,102
"E54000036",2023-05-13,80,28,108
"E54000036",2023-05-14,42,22,64
"E54000036",2023-05-15,44,60,104
"E54000036",2023-05-16,45,51,96
"E54000036",2023-05-17,54,46,100
"E54000036",2023-05-18,71,57,128
"E54000036",2023-05-19,82,58,140
"E54000036",2023-05-20,53,31,84
"E54000036",2023-05-21,40,15,55
"E54000036",2023-05-22,51,41,92
"E54000036",2023-05-23,60,55,115
"E54000036",2023-05-24,64,49,113
"E54000036",2023-05-25,87,50,137
"E54000036",2023-05-26,77,69,146
"E54000036",2023-05-27,66,36,102
"E54000036",2023-05-28,52,28,80
"E54000036",2023-05-29,35,29,64
"E54000036",2023-05-30,51,52,103
"E54000036",2023-05-31,67,51,118
"E54000037",2023-05-01,112,40,152
"E54000037",2023-05-02,133,89,222
"E54000037",2023-05-03,116,93,209
"E54000037",2023-05-04,198,108,306
"E54000037",2023-05-05,210,151,361
"E54000037",2023-05-06,168,96,264
"E54000037",2023-05-07,135,77,212
"E54000037",2023-05-08,127,75,202
"E54000037",2023-05-09,151,98,249
"E54000037",2023-05-10,167,134,301
"E54000037",2023-05-11,212,115,327
"E54000037",2023-05-12,210,148,358
"E54000037",2023-05-13,170,97,267
"E54000037",2023-05-14,132,52,184
"E54000037",2023-05-15,130,79,209
"E54000037",2023-05-16,157,129,286
"E54000037",2023-05-17,175,127,302
"E54000037",2023-05-18,206,145,351
"E54000037",2023-05-19,237,151,388
"E54000037",2023-05-20,189,129,318
"E54000037",2023-05-21,126,56,182
"E54000037",2023-05-22,182,100,282
"E54000037",2023-05-23,201,118,319
"E54000037",2023-05-24,243,120,363
"E54000037",2023-05-25,210,149,359
"E54000037",2023-05-26,224,162,386
"E54000037",2023-05-27,181,119,300
"E54000037",2023-05-28,147,75,222
"E54000037",2023-05-29,131,48,179
"E54000037",2023-05-30,157,100,257
"E54000037",2023-05-31,181,135,316
"E54000038",2023-05-01,44,8,52
"E54000038",2023-05-02,77,32,109
"E54000038",2023-05-03,71,31,102
"E54000038",2023-05-04,70,45,115
"E54000038",2023-05-05,104,42,146
"E54000038",2023-05-06,55,7,62
"E54000038",2023-05-07,43,9,52
"E54000038",2023-05-08,38,6,44
"E54000038",2023-05-09,55,21,76
"E54000038",2023-05-10,85,27,112
"E54000038",2023-05-11,91,38,129
"E54000038",2023-05-12,85,39,124
"E54000038",2023-05-13,52,15,67
"E54000038",2023-05-14,43,15,58
"E54000038",2023-05-15,74,32,106
"E54000038",2023-05-16,80,15,95
"E54000038",2023-05-17,74,25,99
"E54000038",2023-05-18,89,33,122
"E54000038",2023-05-19,81,34,115
"E54000038",2023-05-20,57,12,69
"E54000038",2023-05-21,32,9,41
"E54000038",2023-05-22,69,36,105
"E54000038",2023-05-23,94,32,126
"E54000038",2023-05-24,89,22,111
"E54000038",2023-05-25,92,33,125
"E54000038",2023-05-26,81,28,109
"E54000038",2023-05-27,62,10,72
"E54000038",2023-05-28,40,15,55
"E54000038",2023-05-29,42,4,46
"E54000038",2023-05-30,68,34,102
"E54000038",2023-05-31,71,21,92
"E54000039",2023-05-01,68,59,127
"E54000039",2023-05-02,94,96,190
"E54000039",2023-05-03,115,111,226
"E54000039",2023-05-04,120,122,242
"E54000039",2023-05-05,153,139,292
"E54000039",2023-05-06,75,102,177
"E54000039",2023-05-07,86,53,139
"E54000039",2023-05-08,59,50,109
"E54000039",2023-05-09,75,103,178
"E54000039",2023-05-10,115,139,254
"E54000039",2023-05-11,141,103,244
"E54000039",2023-05-12,159,141,300
"E54000039",2023-05-13,69,94,163
"E54000039",2023-05-14,58,66,124
"E54000039",2023-05-15,115,104,219
"E54000039",2023-05-16,124,128,252
"E54000039",2023-05-17,133,116,249
"E54000039",2023-05-18,131,137,268
"E54000039",2023-05-19,131,148,279
"E54000039",2023-05-20,76,80,156
"E54000039",2023-05-21,53,74,127
"E54000039",2023-05-22,86,86,172
"E54000039",2023-05-23,114,115,229
"E54000039",2023-05-24,107,145,252
"E54000039",2023-05-25,130,124,254
"E54000039",2023-05-26,135,154,289
"E54000039",2023-05-27,80,73,153
"E54000039",2023-05-28,71,67,138
"E54000039",2023-05-29,59,52,111
"E54000039",2023-05-30,81,89,170
"E54000039",2023-05-31,115,127,242
"E54000040",2023-05-01,93,42,135
"E54000040",2023-05-02,123,92,215
"E54000040",2023-05-03,127,105,232
"E54000040",2023-05-04,170,102,272
"E54000040",2023-05-05,179,116,295
"E54000040",2023-05-06,128,89,217
"E54000040",2023-05-07,85,65,150
"E54000040",2023-05-08,97,41,138
"E54000040",2023-05-09,124,108,232
"E54000040",2023-05-10,152,111,263
"E54000040",2023-05-11,183,122,305
"E54000040",2023-05-12,166,124,290
"E54000040",2023-05-13,108,42,150
"E54000040",2023-05-14,90,40,130
"E54000040",2023-05-15,87,59,146
"E54000040",2023-05-16,92,66,158
"E54000040",2023-05-17,171,145,316
"E54000040",2023-05-18,160,92,252
"E54000040",2023-05-19,176,135,311
"E54000040",2023-05-20,138,117,255
"E54000040",2023-05-21,103,57,160
"E54000040",2023-05-22,103,91,194
"E54000040",2023-05-23,182,114,296
"E54000040",2023-05-24,165,103,268
"E54000040",2023-05-25,151,101,252
"E54000040",2023-05-26,189,131,320
"E54000040",2023-05-27,116,64,180
"E54000040",2023-05-28,98,55,153
"E54000040",2023-05-29,89,44,133
"E54000040",2023-05-30,92,62,154
"E54000040",2023-05-31,135,102,237
"E54000041",2023-05-01,69,30,99
"E54000041",2023-05-02,94,79,173
"E54000041",2023-05-03,122,73,195
"E54000041",2023-05-04,118,59,177
"E54000041",2023-05-05,127,73,200
"E54000041",2023-05-06,74,45,119
"E54000041",2023-05-07,93,35,128
"E54000041",2023-05-08,78,34,112
"E54000041",2023-05-09,78,62,140
"E54000041",2023-05-10,136,73,209
"E54000041",2023-05-11,113,70,183
"E54000041",2023-05-12,118,77,195
"E54000041",2023-05-13,76,39,115
"E54000041",2023-05-14,66,29,95
"E54000041",2023-05-15,96,71,167
"E54000041",2023-05-16,152,67,219
"E54000041",2023-05-17,127,56,183
"E54000041",2023-05-18,120,55,175
"E54000041",2023-05-19,112,73,185
"E54000041",2023-05-20,91,44,135
"E54000041",2023-05-21,64,31,95
"E54000041",2023-05-22,80,68,148
"E54000041",2023-05-23,133,49,182
"E54000041",2023-05-24,133,72,205
"E54000041",2023-05-25,129,66,195
"E54000041",2023-05-26,148,74,222
"E54000041",2023-05-27,80,49,129
"E54000041",2023-05-28,66,43,109
"E54000041",2023-05-29,75,26,101
"E54000041",2023-05-30,123,41,164
"E54000041",2023-05-31,99,54,153
"E54000043",2023-05-01,31,10,41
"E54000043",2023-05-02,46,18,64
"E54000043",2023-05-03,53,27,80
"E54000043",2023-05-04,57,40,97
"E54000043",2023-05-05,61,25,86
"E54000043",2023-05-06,43,12,55
"E54000043",2023-05-07,36,7,43
"E54000043",2023-05-08,44,11,55
"E54000043",2023-05-09,46,30,76
"E54000043",2023-05-10,51,21,72
"E54000043",2023-05-11,62,25,87
"E54000043",2023-05-12,53,47,100
"E54000043",2023-05-13,45,15,60
"E54000043",2023-05-14,37,9,46
"E54000043",2023-05-15,50,21,71
"E54000043",2023-05-16,50,26,76
"E54000043",2023-05-17,64,32,96
"E54000043",2023-05-18,57,22,79
"E54000043",2023-05-19,67,35,102
"E54000043",2023-05-20,55,18,73
"E54000043",2023-05-21,31,7,38
"E54000043",2023-05-22,40,27,67
"E54000043",2023-05-23,57,21,78
"E54000043",2023-05-24,75,27,102
"E54000043",2023-05-25,60,27,87
"E54000043",2023-05-26,60,30,90
"E54000043",2023-05-27,64,13,77
"E54000043",2023-05-28,40,7,47
"E54000043",2023-05-29,26,11,37
"E54000043",2023-05-30,66,27,93
"E54000043",2023-05-31,56,25,81
